


Game Notes:
titoebiwonjumi@Oluwatitos-MacBook-Pro-2 othello % python othello.py -v arena.clayton arena.ebiwonop-alphabeta 
arena.clayton
Player: Clayton's Minimax Player.
arena.ebiwonop-alphabeta
------------ LET's BEGIN -----------
[[ 0.  0.  0.  0.  0.  0.  0.  0.]
 [ 0.  0.  0.  0.  0.  0.  0.  0.]
 [ 0.  0.  0.  0.  0.  0.  0.  0.]
 [ 0.  0.  0. -1.  1.  0.  0.  0.]
 [ 0.  0.  0.  1. -1.  0.  0.  0.]
 [ 0.  0.  0.  0.  0.  0.  0.  0.]
 [ 0.  0.  0.  0.  0.  0.  0.  0.]
 [ 0.  0.  0.  0.  0.  0.  0.  0.]] START GAME

Clayton's Minimax Player move 0 at (2, 3), max_depth=7 at 1.252277 seconds (total time 1.252)
[[ 0.  0.  0.  0.  0.  0.  0.  0.]
 [ 0.  0.  0.  0.  0.  0.  0.  0.]
 [ 0.  0.  0.  1.  0.  0.  0.  0.]
 [ 0.  0.  0.  1.  1.  0.  0.  0.]
 [ 0.  0.  0.  1. -1.  0.  0.  0.]
 [ 0.  0.  0.  0.  0.  0.  0.  0.]
 [ 0.  0.  0.  0.  0.  0.  0.  0.]
 [ 0.  0.  0.  0.  0.  0.  0.  0.]] (2, 3) p1

------ EBIWONOP MOVE -----------
(2, 2)
[[ 0.  0.  0.  0.  0.  0.  0.  0.]
 [ 0.  0.  0.  0.  0.  0.  0.  0.]
 [ 0.  0. -1.  1.  0.  0.  0.  0.]
 [ 0.  0.  0. -1.  1.  0.  0.  0.]
 [ 0.  0.  0.  1. -1.  0.  0.  0.]
 [ 0.  0.  0.  0.  0.  0.  0.  0.]
 [ 0.  0.  0.  0.  0.  0.  0.  0.]
 [ 0.  0.  0.  0.  0.  0.  0.  0.]] (2, 2) p2

Clayton's Minimax Player move 1 at (2, 1), max_depth=6 at 1.250374 seconds (total time 2.503)
[[ 0.  0.  0.  0.  0.  0.  0.  0.]
 [ 0.  0.  0.  0.  0.  0.  0.  0.]
 [ 0.  1.  1.  1.  0.  0.  0.  0.]
 [ 0.  0.  0. -1.  1.  0.  0.  0.]
 [ 0.  0.  0.  1. -1.  0.  0.  0.]
 [ 0.  0.  0.  0.  0.  0.  0.  0.]
 [ 0.  0.  0.  0.  0.  0.  0.  0.]
 [ 0.  0.  0.  0.  0.  0.  0.  0.]] (2, 1) p1

------ EBIWONOP MOVE -----------
(2, 4)
[[ 0.  0.  0.  0.  0.  0.  0.  0.]
 [ 0.  0.  0.  0.  0.  0.  0.  0.]
 [ 0.  1.  1.  1. -1.  0.  0.  0.]
 [ 0.  0.  0. -1. -1.  0.  0.  0.]
 [ 0.  0.  0.  1. -1.  0.  0.  0.]
 [ 0.  0.  0.  0.  0.  0.  0.  0.]
 [ 0.  0.  0.  0.  0.  0.  0.  0.]
 [ 0.  0.  0.  0.  0.  0.  0.  0.]] (2, 4) p2

Clayton's Minimax Player move 2 at (2, 5), max_depth=6 at 1.252159 seconds (total time 3.755)
[[ 0.  0.  0.  0.  0.  0.  0.  0.]
 [ 0.  0.  0.  0.  0.  0.  0.  0.]
 [ 0.  1.  1.  1.  1.  1.  0.  0.]
 [ 0.  0.  0. -1.  1.  0.  0.  0.]
 [ 0.  0.  0.  1. -1.  0.  0.  0.]
 [ 0.  0.  0.  0.  0.  0.  0.  0.]
 [ 0.  0.  0.  0.  0.  0.  0.  0.]
 [ 0.  0.  0.  0.  0.  0.  0.  0.]] (2, 5) p1

------ EBIWONOP MOVE -----------
(1, 4)
[[ 0.  0.  0.  0.  0.  0.  0.  0.]
 [ 0.  0.  0.  0. -1.  0.  0.  0.]
 [ 0.  1.  1.  1. -1.  1.  0.  0.]
 [ 0.  0.  0. -1. -1.  0.  0.  0.]
 [ 0.  0.  0.  1. -1.  0.  0.  0.]
 [ 0.  0.  0.  0.  0.  0.  0.  0.]
 [ 0.  0.  0.  0.  0.  0.  0.  0.]
 [ 0.  0.  0.  0.  0.  0.  0.  0.]] (1, 4) p2

Clayton's Minimax Player move 3 at (5, 5), max_depth=5 at 1.251125 seconds (total time 5.006)
[[ 0.  0.  0.  0.  0.  0.  0.  0.]
 [ 0.  0.  0.  0. -1.  0.  0.  0.]
 [ 0.  1.  1.  1. -1.  1.  0.  0.]
 [ 0.  0.  0.  1. -1.  0.  0.  0.]
 [ 0.  0.  0.  1.  1.  0.  0.  0.]
 [ 0.  0.  0.  0.  0.  1.  0.  0.]
 [ 0.  0.  0.  0.  0.  0.  0.  0.]
 [ 0.  0.  0.  0.  0.  0.  0.  0.]] (5, 5) p1

------ EBIWONOP MOVE -----------
(2, 0)
[[ 0.  0.  0.  0.  0.  0.  0.  0.]
 [ 0.  0.  0.  0. -1.  0.  0.  0.]
 [-1. -1. -1. -1. -1.  1.  0.  0.]
 [ 0.  0.  0.  1. -1.  0.  0.  0.]
 [ 0.  0.  0.  1.  1.  0.  0.  0.]
 [ 0.  0.  0.  0.  0.  1.  0.  0.]
 [ 0.  0.  0.  0.  0.  0.  0.  0.]
 [ 0.  0.  0.  0.  0.  0.  0.  0.]] (2, 0) p2

Clayton's Minimax Player move 4 at (0, 4), max_depth=5 at 1.250591 seconds (total time 6.256)
[[ 0.  0.  0.  0.  1.  0.  0.  0.]
 [ 0.  0.  0.  0.  1.  0.  0.  0.]
 [-1. -1. -1. -1.  1.  1.  0.  0.]
 [ 0.  0.  0.  1.  1.  0.  0.  0.]
 [ 0.  0.  0.  1.  1.  0.  0.  0.]
 [ 0.  0.  0.  0.  0.  1.  0.  0.]
 [ 0.  0.  0.  0.  0.  0.  0.  0.]
 [ 0.  0.  0.  0.  0.  0.  0.  0.]] (0, 4) p1

------ EBIWONOP MOVE -----------
(2, 6)
[[ 0.  0.  0.  0.  1.  0.  0.  0.]
 [ 0.  0.  0.  0.  1.  0.  0.  0.]
 [-1. -1. -1. -1. -1. -1. -1.  0.]
 [ 0.  0.  0.  1.  1.  0.  0.  0.]
 [ 0.  0.  0.  1.  1.  0.  0.  0.]
 [ 0.  0.  0.  0.  0.  1.  0.  0.]
 [ 0.  0.  0.  0.  0.  0.  0.  0.]
 [ 0.  0.  0.  0.  0.  0.  0.  0.]] (2, 6) p2

Clayton's Minimax Player move 5 at (3, 2), max_depth=5 at 1.251997 seconds (total time 7.508)
[[ 0.  0.  0.  0.  1.  0.  0.  0.]
 [ 0.  0.  0.  0.  1.  0.  0.  0.]
 [-1. -1. -1.  1. -1. -1. -1.  0.]
 [ 0.  0.  1.  1.  1.  0.  0.  0.]
 [ 0.  0.  0.  1.  1.  0.  0.  0.]
 [ 0.  0.  0.  0.  0.  1.  0.  0.]
 [ 0.  0.  0.  0.  0.  0.  0.  0.]
 [ 0.  0.  0.  0.  0.  0.  0.  0.]] (3, 2) p1

------ EBIWONOP MOVE -----------
(5, 4)
[[ 0.  0.  0.  0.  1.  0.  0.  0.]
 [ 0.  0.  0.  0.  1.  0.  0.  0.]
 [-1. -1. -1.  1. -1. -1. -1.  0.]
 [ 0.  0. -1.  1. -1.  0.  0.  0.]
 [ 0.  0.  0. -1. -1.  0.  0.  0.]
 [ 0.  0.  0.  0. -1.  1.  0.  0.]
 [ 0.  0.  0.  0.  0.  0.  0.  0.]
 [ 0.  0.  0.  0.  0.  0.  0.  0.]] (5, 4) p2

Clayton's Minimax Player move 6 at (2, 7), max_depth=5 at 1.250513 seconds (total time 8.759)
[[ 0.  0.  0.  0.  1.  0.  0.  0.]
 [ 0.  0.  0.  0.  1.  0.  0.  0.]
 [-1. -1. -1.  1.  1.  1.  1.  1.]
 [ 0.  0. -1.  1. -1.  0.  0.  0.]
 [ 0.  0.  0. -1. -1.  0.  0.  0.]
 [ 0.  0.  0.  0. -1.  1.  0.  0.]
 [ 0.  0.  0.  0.  0.  0.  0.  0.]
 [ 0.  0.  0.  0.  0.  0.  0.  0.]] (2, 7) p1

------ EBIWONOP MOVE -----------
(1, 3)
[[ 0.  0.  0.  0.  1.  0.  0.  0.]
 [ 0.  0.  0. -1.  1.  0.  0.  0.]
 [-1. -1. -1. -1.  1.  1.  1.  1.]
 [ 0.  0. -1. -1. -1.  0.  0.  0.]
 [ 0.  0.  0. -1. -1.  0.  0.  0.]
 [ 0.  0.  0.  0. -1.  1.  0.  0.]
 [ 0.  0.  0.  0.  0.  0.  0.  0.]
 [ 0.  0.  0.  0.  0.  0.  0.  0.]] (1, 3) p2

Clayton's Minimax Player move 7 at (4, 1), max_depth=5 at 1.25044 seconds (total time 10.009)
[[ 0.  0.  0.  0.  1.  0.  0.  0.]
 [ 0.  0.  0. -1.  1.  0.  0.  0.]
 [-1. -1. -1.  1.  1.  1.  1.  1.]
 [ 0.  0.  1. -1. -1.  0.  0.  0.]
 [ 0.  1.  0. -1. -1.  0.  0.  0.]
 [ 0.  0.  0.  0. -1.  1.  0.  0.]
 [ 0.  0.  0.  0.  0.  0.  0.  0.]
 [ 0.  0.  0.  0.  0.  0.  0.  0.]] (4, 1) p1

------ EBIWONOP MOVE -----------
(1, 5)
[[ 0.  0.  0.  0.  1.  0.  0.  0.]
 [ 0.  0.  0. -1. -1. -1.  0.  0.]
 [-1. -1. -1.  1. -1.  1.  1.  1.]
 [ 0.  0.  1. -1. -1.  0.  0.  0.]
 [ 0.  1.  0. -1. -1.  0.  0.  0.]
 [ 0.  0.  0.  0. -1.  1.  0.  0.]
 [ 0.  0.  0.  0.  0.  0.  0.  0.]
 [ 0.  0.  0.  0.  0.  0.  0.  0.]] (1, 5) p2

Clayton's Minimax Player move 8 at (3, 5), max_depth=4 at 1.25139 seconds (total time 11.261)
[[ 0.  0.  0.  0.  1.  0.  0.  0.]
 [ 0.  0.  0. -1. -1. -1.  0.  0.]
 [-1. -1. -1.  1. -1.  1.  1.  1.]
 [ 0.  0.  1.  1.  1.  1.  0.  0.]
 [ 0.  1.  0. -1. -1.  0.  0.  0.]
 [ 0.  0.  0.  0. -1.  1.  0.  0.]
 [ 0.  0.  0.  0.  0.  0.  0.  0.]
 [ 0.  0.  0.  0.  0.  0.  0.  0.]] (3, 5) p1

------ EBIWONOP MOVE -----------
(3, 6)
[[ 0.  0.  0.  0.  1.  0.  0.  0.]
 [ 0.  0.  0. -1. -1. -1.  0.  0.]
 [-1. -1. -1.  1. -1. -1.  1.  1.]
 [ 0.  0.  1.  1.  1.  1. -1.  0.]
 [ 0.  1.  0. -1. -1.  0.  0.  0.]
 [ 0.  0.  0.  0. -1.  1.  0.  0.]
 [ 0.  0.  0.  0.  0.  0.  0.  0.]
 [ 0.  0.  0.  0.  0.  0.  0.  0.]] (3, 6) p2

Clayton's Minimax Player move 9 at (0, 3), max_depth=4 at 1.250976 seconds (total time 12.512)
[[ 0.  0.  0.  1.  1.  0.  0.  0.]
 [ 0.  0.  0.  1. -1. -1.  0.  0.]
 [-1. -1. -1.  1. -1. -1.  1.  1.]
 [ 0.  0.  1.  1.  1.  1. -1.  0.]
 [ 0.  1.  0. -1. -1.  0.  0.  0.]
 [ 0.  0.  0.  0. -1.  1.  0.  0.]
 [ 0.  0.  0.  0.  0.  0.  0.  0.]
 [ 0.  0.  0.  0.  0.  0.  0.  0.]] (0, 3) p1

------ EBIWONOP MOVE -----------
(3, 1)
[[ 0.  0.  0.  1.  1.  0.  0.  0.]
 [ 0.  0.  0.  1. -1. -1.  0.  0.]
 [-1. -1. -1.  1. -1. -1.  1.  1.]
 [ 0. -1. -1. -1. -1. -1. -1.  0.]
 [ 0.  1.  0. -1. -1.  0.  0.  0.]
 [ 0.  0.  0.  0. -1.  1.  0.  0.]
 [ 0.  0.  0.  0.  0.  0.  0.  0.]
 [ 0.  0.  0.  0.  0.  0.  0.  0.]] (3, 1) p2

Clayton's Minimax Player move 10 at (5, 3), max_depth=5 at 1.251127 seconds (total time 13.763)
[[ 0.  0.  0.  1.  1.  0.  0.  0.]
 [ 0.  0.  0.  1. -1. -1.  0.  0.]
 [-1. -1. -1.  1. -1. -1.  1.  1.]
 [ 0. -1. -1.  1. -1.  1. -1.  0.]
 [ 0.  1.  0.  1.  1.  0.  0.  0.]
 [ 0.  0.  0.  1.  1.  1.  0.  0.]
 [ 0.  0.  0.  0.  0.  0.  0.  0.]
 [ 0.  0.  0.  0.  0.  0.  0.  0.]] (5, 3) p1

------ EBIWONOP MOVE -----------
(6, 6)
[[ 0.  0.  0.  1.  1.  0.  0.  0.]
 [ 0.  0.  0.  1. -1. -1.  0.  0.]
 [-1. -1. -1.  1. -1. -1.  1.  1.]
 [ 0. -1. -1. -1. -1.  1. -1.  0.]
 [ 0.  1.  0.  1. -1.  0.  0.  0.]
 [ 0.  0.  0.  1.  1. -1.  0.  0.]
 [ 0.  0.  0.  0.  0.  0. -1.  0.]
 [ 0.  0.  0.  0.  0.  0.  0.  0.]] (6, 6) p2

Clayton's Minimax Player move 11 at (4, 0), max_depth=5 at 1.250233 seconds (total time 15.013)
[[ 0.  0.  0.  1.  1.  0.  0.  0.]
 [ 0.  0.  0.  1. -1. -1.  0.  0.]
 [-1. -1.  1.  1. -1. -1.  1.  1.]
 [ 0.  1. -1. -1. -1.  1. -1.  0.]
 [ 1.  1.  0.  1. -1.  0.  0.  0.]
 [ 0.  0.  0.  1.  1. -1.  0.  0.]
 [ 0.  0.  0.  0.  0.  0. -1.  0.]
 [ 0.  0.  0.  0.  0.  0.  0.  0.]] (4, 0) p1

------ EBIWONOP MOVE -----------
(1, 2)
[[ 0.  0.  0.  1.  1.  0.  0.  0.]
 [ 0.  0. -1. -1. -1. -1.  0.  0.]
 [-1. -1. -1. -1. -1. -1.  1.  1.]
 [ 0.  1. -1. -1. -1.  1. -1.  0.]
 [ 1.  1.  0.  1. -1.  0.  0.  0.]
 [ 0.  0.  0.  1.  1. -1.  0.  0.]
 [ 0.  0.  0.  0.  0.  0. -1.  0.]
 [ 0.  0.  0.  0.  0.  0.  0.  0.]] (1, 2) p2

Clayton's Minimax Player move 12 at (0, 2), max_depth=4 at 1.25052 seconds (total time 16.264)
[[ 0.  0.  1.  1.  1.  0.  0.  0.]
 [ 0.  0. -1.  1. -1. -1.  0.  0.]
 [-1. -1. -1. -1.  1. -1.  1.  1.]
 [ 0.  1. -1. -1. -1.  1. -1.  0.]
 [ 1.  1.  0.  1. -1.  0.  0.  0.]
 [ 0.  0.  0.  1.  1. -1.  0.  0.]
 [ 0.  0.  0.  0.  0.  0. -1.  0.]
 [ 0.  0.  0.  0.  0.  0.  0.  0.]] (0, 2) p1

------ EBIWONOP MOVE -----------
(3, 0)
[[ 0.  0.  1.  1.  1.  0.  0.  0.]
 [ 0.  0. -1.  1. -1. -1.  0.  0.]
 [-1. -1. -1. -1.  1. -1.  1.  1.]
 [-1. -1. -1. -1. -1.  1. -1.  0.]
 [ 1.  1.  0.  1. -1.  0.  0.  0.]
 [ 0.  0.  0.  1.  1. -1.  0.  0.]
 [ 0.  0.  0.  0.  0.  0. -1.  0.]
 [ 0.  0.  0.  0.  0.  0.  0.  0.]] (3, 0) p2

Clayton's Minimax Player move 13 at (1, 0), max_depth=5 at 1.252033 seconds (total time 17.516)
[[ 0.  0.  1.  1.  1.  0.  0.  0.]
 [ 1.  0. -1.  1. -1. -1.  0.  0.]
 [ 1.  1. -1. -1.  1. -1.  1.  1.]
 [ 1. -1.  1. -1. -1.  1. -1.  0.]
 [ 1.  1.  0.  1. -1.  0.  0.  0.]
 [ 0.  0.  0.  1.  1. -1.  0.  0.]
 [ 0.  0.  0.  0.  0.  0. -1.  0.]
 [ 0.  0.  0.  0.  0.  0.  0.  0.]] (1, 0) p1

------ EBIWONOP MOVE -----------
(5, 2)
[[ 0.  0.  1.  1.  1.  0.  0.  0.]
 [ 1.  0. -1.  1. -1. -1.  0.  0.]
 [ 1.  1. -1. -1.  1. -1.  1.  1.]
 [ 1. -1.  1. -1. -1.  1. -1.  0.]
 [ 1.  1.  0. -1. -1.  0.  0.  0.]
 [ 0.  0. -1. -1. -1. -1.  0.  0.]
 [ 0.  0.  0.  0.  0.  0. -1.  0.]
 [ 0.  0.  0.  0.  0.  0.  0.  0.]] (5, 2) p2

Clayton's Minimax Player move 14 at (0, 5), max_depth=4 at 1.25029 seconds (total time 18.766)
[[ 0.  0.  1.  1.  1.  1.  0.  0.]
 [ 1.  0. -1.  1.  1.  1.  0.  0.]
 [ 1.  1. -1.  1.  1.  1.  1.  1.]
 [ 1. -1.  1. -1. -1.  1. -1.  0.]
 [ 1.  1.  0. -1. -1.  0.  0.  0.]
 [ 0.  0. -1. -1. -1. -1.  0.  0.]
 [ 0.  0.  0.  0.  0.  0. -1.  0.]
 [ 0.  0.  0.  0.  0.  0.  0.  0.]] (0, 5) p1

------ EBIWONOP MOVE -----------
(1, 6)
[[ 0.  0.  1.  1.  1.  1.  0.  0.]
 [ 1.  0. -1. -1. -1. -1. -1.  0.]
 [ 1.  1. -1.  1.  1. -1. -1.  1.]
 [ 1. -1.  1. -1. -1.  1. -1.  0.]
 [ 1.  1.  0. -1. -1.  0.  0.  0.]
 [ 0.  0. -1. -1. -1. -1.  0.  0.]
 [ 0.  0.  0.  0.  0.  0. -1.  0.]
 [ 0.  0.  0.  0.  0.  0.  0.  0.]] (1, 6) p2

Clayton's Minimax Player move 15 at (6, 3), max_depth=4 at 1.251525 seconds (total time 20.017)
[[ 0.  0.  1.  1.  1.  1.  0.  0.]
 [ 1.  0. -1. -1. -1. -1. -1.  0.]
 [ 1.  1. -1.  1.  1. -1. -1.  1.]
 [ 1. -1.  1.  1. -1.  1. -1.  0.]
 [ 1.  1.  0.  1. -1.  0.  0.  0.]
 [ 0.  0.  1.  1. -1. -1.  0.  0.]
 [ 0.  0.  0.  1.  0.  0. -1.  0.]
 [ 0.  0.  0.  0.  0.  0.  0.  0.]] (6, 3) p1

------ EBIWONOP MOVE -----------
(4, 6)
[[ 0.  0.  1.  1.  1.  1.  0.  0.]
 [ 1.  0. -1. -1. -1. -1. -1.  0.]
 [ 1.  1. -1.  1. -1. -1. -1.  1.]
 [ 1. -1.  1.  1. -1. -1. -1.  0.]
 [ 1.  1.  0.  1. -1.  0. -1.  0.]
 [ 0.  0.  1.  1. -1. -1.  0.  0.]
 [ 0.  0.  0.  1.  0.  0. -1.  0.]
 [ 0.  0.  0.  0.  0.  0.  0.  0.]] (4, 6) p2

Clayton's Minimax Player move 16 at (6, 4), max_depth=4 at 1.250716 seconds (total time 21.268)
[[ 0.  0.  1.  1.  1.  1.  0.  0.]
 [ 1.  0. -1. -1.  1. -1. -1.  0.]
 [ 1.  1. -1.  1.  1. -1. -1.  1.]
 [ 1. -1.  1.  1.  1. -1. -1.  0.]
 [ 1.  1.  0.  1.  1.  0. -1.  0.]
 [ 0.  0.  1.  1.  1. -1.  0.  0.]
 [ 0.  0.  0.  1.  1.  0. -1.  0.]
 [ 0.  0.  0.  0.  0.  0.  0.  0.]] (6, 4) p1

------ EBIWONOP MOVE -----------
(7, 3)
[[ 0.  0.  1.  1.  1.  1.  0.  0.]
 [ 1.  0. -1. -1.  1. -1. -1.  0.]
 [ 1.  1. -1. -1.  1. -1. -1.  1.]
 [ 1. -1.  1. -1.  1. -1. -1.  0.]
 [ 1.  1.  0. -1.  1.  0. -1.  0.]
 [ 0.  0.  1. -1.  1. -1.  0.  0.]
 [ 0.  0.  0. -1. -1.  0. -1.  0.]
 [ 0.  0.  0. -1.  0.  0.  0.  0.]] (7, 3) p2

Clayton's Minimax Player move 17 at (4, 2), max_depth=4 at 1.251509 seconds (total time 22.52)
[[ 0.  0.  1.  1.  1.  1.  0.  0.]
 [ 1.  0. -1. -1.  1. -1. -1.  0.]
 [ 1.  1. -1. -1.  1. -1. -1.  1.]
 [ 1.  1.  1.  1.  1. -1. -1.  0.]
 [ 1.  1.  1.  1.  1.  0. -1.  0.]
 [ 0.  0.  1. -1.  1. -1.  0.  0.]
 [ 0.  0.  0. -1. -1.  0. -1.  0.]
 [ 0.  0.  0. -1.  0.  0.  0.  0.]] (4, 2) p1

------ EBIWONOP MOVE -----------
(6, 2)
[[ 0.  0.  1.  1.  1.  1.  0.  0.]
 [ 1.  0. -1. -1.  1. -1. -1.  0.]
 [ 1.  1. -1. -1.  1. -1. -1.  1.]
 [ 1.  1. -1.  1.  1. -1. -1.  0.]
 [ 1.  1. -1.  1.  1.  0. -1.  0.]
 [ 0.  0. -1. -1.  1. -1.  0.  0.]
 [ 0.  0. -1. -1. -1.  0. -1.  0.]
 [ 0.  0.  0. -1.  0.  0.  0.  0.]] (6, 2) p2

Clayton's Minimax Player move 18 at (4, 7), max_depth=5 at 1.250047 seconds (total time 23.77)
[[ 0.  0.  1.  1.  1.  1.  0.  0.]
 [ 1.  0. -1. -1.  1. -1. -1.  0.]
 [ 1.  1. -1. -1.  1.  1. -1.  1.]
 [ 1.  1. -1.  1.  1. -1.  1.  0.]
 [ 1.  1. -1.  1.  1.  0. -1.  1.]
 [ 0.  0. -1. -1.  1. -1.  0.  0.]
 [ 0.  0. -1. -1. -1.  0. -1.  0.]
 [ 0.  0.  0. -1.  0.  0.  0.  0.]] (4, 7) p1

------ EBIWONOP MOVE -----------
(4, 5)
[[ 0.  0.  1.  1.  1.  1.  0.  0.]
 [ 1.  0. -1. -1.  1. -1. -1.  0.]
 [ 1.  1. -1. -1.  1.  1. -1.  1.]
 [ 1.  1. -1.  1. -1. -1.  1.  0.]
 [ 1.  1. -1. -1. -1. -1. -1.  1.]
 [ 0.  0. -1. -1. -1. -1.  0.  0.]
 [ 0.  0. -1. -1. -1.  0. -1.  0.]
 [ 0.  0.  0. -1.  0.  0.  0.  0.]] (4, 5) p2

Clayton's Minimax Player move 19 at (5, 7), max_depth=5 at 1.251654 seconds (total time 25.021)
[[ 0.  0.  1.  1.  1.  1.  0.  0.]
 [ 1.  0. -1. -1.  1. -1. -1.  0.]
 [ 1.  1. -1. -1.  1.  1. -1.  1.]
 [ 1.  1. -1.  1. -1.  1.  1.  0.]
 [ 1.  1. -1. -1. -1. -1.  1.  1.]
 [ 0.  0. -1. -1. -1. -1.  0.  1.]
 [ 0.  0. -1. -1. -1.  0. -1.  0.]
 [ 0.  0.  0. -1.  0.  0.  0.  0.]] (5, 7) p1

------ EBIWONOP MOVE -----------
(3, 7)
[[ 0.  0.  1.  1.  1.  1.  0.  0.]
 [ 1.  0. -1. -1.  1. -1. -1.  0.]
 [ 1.  1. -1. -1.  1.  1. -1.  1.]
 [ 1.  1. -1.  1. -1. -1. -1. -1.]
 [ 1.  1. -1. -1. -1. -1. -1.  1.]
 [ 0.  0. -1. -1. -1. -1.  0.  1.]
 [ 0.  0. -1. -1. -1.  0. -1.  0.]
 [ 0.  0.  0. -1.  0.  0.  0.  0.]] (3, 7) p2

Clayton's Minimax Player move 20 at (6, 1), max_depth=5 at 1.251073 seconds (total time 26.272)
[[ 0.  0.  1.  1.  1.  1.  0.  0.]
 [ 1.  0. -1. -1.  1. -1. -1.  0.]
 [ 1.  1. -1. -1.  1.  1. -1.  1.]
 [ 1.  1. -1.  1.  1. -1. -1. -1.]
 [ 1.  1. -1.  1. -1. -1. -1.  1.]
 [ 0.  0.  1. -1. -1. -1.  0.  1.]
 [ 0.  1. -1. -1. -1.  0. -1.  0.]
 [ 0.  0.  0. -1.  0.  0.  0.  0.]] (6, 1) p1

------ EBIWONOP MOVE -----------
(5, 0)
[[ 0.  0.  1.  1.  1.  1.  0.  0.]
 [ 1.  0. -1. -1.  1. -1. -1.  0.]
 [ 1.  1. -1. -1.  1.  1. -1.  1.]
 [ 1.  1. -1.  1.  1. -1. -1. -1.]
 [ 1. -1. -1.  1. -1. -1. -1.  1.]
 [-1.  0.  1. -1. -1. -1.  0.  1.]
 [ 0.  1. -1. -1. -1.  0. -1.  0.]
 [ 0.  0.  0. -1.  0.  0.  0.  0.]] (5, 0) p2

Clayton's Minimax Player move 21 at (6, 0), max_depth=5 at 1.251023 seconds (total time 27.523)
[[ 0.  0.  1.  1.  1.  1.  0.  0.]
 [ 1.  0. -1. -1.  1. -1. -1.  0.]
 [ 1.  1. -1. -1.  1.  1. -1.  1.]
 [ 1.  1. -1.  1.  1. -1. -1. -1.]
 [ 1. -1. -1.  1. -1. -1. -1.  1.]
 [ 1.  0.  1. -1. -1. -1.  0.  1.]
 [ 1.  1. -1. -1. -1.  0. -1.  0.]
 [ 0.  0.  0. -1.  0.  0.  0.  0.]] (6, 0) p1

------ EBIWONOP MOVE -----------
(7, 0)
[[ 0.  0.  1.  1.  1.  1.  0.  0.]
 [ 1.  0. -1. -1.  1. -1. -1.  0.]
 [ 1.  1. -1. -1.  1. -1. -1.  1.]
 [ 1.  1. -1.  1. -1. -1. -1. -1.]
 [ 1. -1. -1. -1. -1. -1. -1.  1.]
 [ 1.  0. -1. -1. -1. -1.  0.  1.]
 [ 1. -1. -1. -1. -1.  0. -1.  0.]
 [-1.  0.  0. -1.  0.  0.  0.  0.]] (7, 0) p2

Clayton's Minimax Player move 22 at (1, 1), max_depth=6 at 1.250816 seconds (total time 28.774)
[[ 0.  0.  1.  1.  1.  1.  0.  0.]
 [ 1.  1.  1.  1.  1. -1. -1.  0.]
 [ 1.  1.  1. -1.  1. -1. -1.  1.]
 [ 1.  1. -1.  1. -1. -1. -1. -1.]
 [ 1. -1. -1. -1. -1. -1. -1.  1.]
 [ 1.  0. -1. -1. -1. -1.  0.  1.]
 [ 1. -1. -1. -1. -1.  0. -1.  0.]
 [-1.  0.  0. -1.  0.  0.  0.  0.]] (1, 1) p1

------ EBIWONOP MOVE -----------
(0, 0)
[[-1.  0.  1.  1.  1.  1.  0.  0.]
 [-1. -1.  1.  1.  1. -1. -1.  0.]
 [-1.  1. -1. -1.  1. -1. -1.  1.]
 [-1.  1. -1. -1. -1. -1. -1. -1.]
 [-1. -1. -1. -1. -1. -1. -1.  1.]
 [-1.  0. -1. -1. -1. -1.  0.  1.]
 [-1. -1. -1. -1. -1.  0. -1.  0.]
 [-1.  0.  0. -1.  0.  0.  0.  0.]] (0, 0) p2

Clayton's Minimax Player move 23 at (5, 6), max_depth=6 at 1.250743 seconds (total time 30.025)
[[-1.  0.  1.  1.  1.  1.  0.  0.]
 [-1. -1.  1.  1.  1. -1. -1.  0.]
 [-1.  1. -1.  1.  1. -1. -1.  1.]
 [-1.  1. -1. -1.  1. -1. -1. -1.]
 [-1. -1. -1. -1. -1.  1. -1.  1.]
 [-1.  0. -1. -1. -1. -1.  1.  1.]
 [-1. -1. -1. -1. -1.  0. -1.  0.]
 [-1.  0.  0. -1.  0.  0.  0.  0.]] (5, 6) p1

------ EBIWONOP MOVE -----------
(6, 7)
[[-1.  0.  1.  1.  1.  1.  0.  0.]
 [-1. -1.  1.  1.  1. -1. -1.  0.]
 [-1.  1. -1.  1.  1. -1. -1.  1.]
 [-1.  1. -1. -1.  1. -1. -1. -1.]
 [-1. -1. -1. -1. -1.  1. -1. -1.]
 [-1.  0. -1. -1. -1. -1.  1. -1.]
 [-1. -1. -1. -1. -1.  0. -1. -1.]
 [-1.  0.  0. -1.  0.  0.  0.  0.]] (6, 7) p2

Clayton's Minimax Player move 24 at (7, 7), max_depth=6 at 1.250265 seconds (total time 31.275)
[[-1.  0.  1.  1.  1.  1.  0.  0.]
 [-1. -1.  1.  1.  1. -1. -1.  0.]
 [-1.  1. -1.  1.  1. -1. -1.  1.]
 [-1.  1. -1. -1.  1. -1. -1.  1.]
 [-1. -1. -1. -1. -1.  1. -1.  1.]
 [-1.  0. -1. -1. -1. -1.  1.  1.]
 [-1. -1. -1. -1. -1.  0. -1.  1.]
 [-1.  0.  0. -1.  0.  0.  0.  1.]] (7, 7) p1

[[-1.  0.  1.  1.  1.  1.  0.  0.]
 [-1. -1.  1.  1.  1. -1. -1.  0.]
 [-1.  1. -1.  1.  1. -1. -1.  1.]
 [-1.  1. -1. -1.  1. -1. -1.  1.]
 [-1. -1. -1. -1. -1.  1. -1.  1.]
 [-1.  0. -1. -1. -1. -1.  1.  1.]
 [-1. -1. -1. -1. -1.  0. -1.  1.]
 [-1.  0.  0. -1.  0.  0.  0.  1.]] None p2

Clayton's Minimax Player move 25 at (7, 4), max_depth=7 at 1.250399 seconds (total time 32.526)
[[-1.  0.  1.  1.  1.  1.  0.  0.]
 [-1. -1.  1.  1.  1. -1. -1.  0.]
 [-1.  1. -1.  1.  1. -1. -1.  1.]
 [-1.  1. -1. -1.  1. -1. -1.  1.]
 [-1. -1. -1. -1.  1.  1. -1.  1.]
 [-1.  0. -1. -1.  1. -1.  1.  1.]
 [-1. -1. -1. -1.  1.  0. -1.  1.]
 [-1.  0.  0. -1.  1.  0.  0.  1.]] (7, 4) p1

------ EBIWONOP MOVE -----------
(6, 5)
[[-1.  0.  1.  1.  1.  1.  0.  0.]
 [-1. -1.  1.  1.  1. -1. -1.  0.]
 [-1.  1. -1.  1.  1. -1. -1.  1.]
 [-1.  1. -1. -1.  1. -1. -1.  1.]
 [-1. -1. -1. -1.  1.  1. -1.  1.]
 [-1.  0. -1. -1. -1. -1.  1.  1.]
 [-1. -1. -1. -1. -1. -1. -1.  1.]
 [-1.  0.  0. -1.  1.  0.  0.  1.]] (6, 5) p2

Clayton's Minimax Player move 26 at (7, 6), max_depth=8 at 1.250064 seconds (total time 33.776)
[[-1.  0.  1.  1.  1.  1.  0.  0.]
 [-1. -1.  1.  1.  1. -1. -1.  0.]
 [-1.  1. -1.  1.  1. -1. -1.  1.]
 [-1.  1.  1. -1.  1. -1. -1.  1.]
 [-1. -1. -1.  1.  1.  1. -1.  1.]
 [-1.  0. -1. -1.  1. -1.  1.  1.]
 [-1. -1. -1. -1. -1.  1.  1.  1.]
 [-1.  0.  0. -1.  1.  0.  1.  1.]] (7, 6) p1

------ EBIWONOP MOVE -----------
(7, 5)
[[-1.  0.  1.  1.  1.  1.  0.  0.]
 [-1. -1.  1.  1.  1. -1. -1.  0.]
 [-1.  1. -1.  1.  1. -1. -1.  1.]
 [-1.  1.  1. -1.  1. -1. -1.  1.]
 [-1. -1. -1.  1.  1.  1. -1.  1.]
 [-1.  0. -1. -1.  1. -1.  1.  1.]
 [-1. -1. -1. -1. -1. -1.  1.  1.]
 [-1.  0.  0. -1. -1. -1.  1.  1.]] (7, 5) p2

Clayton's Minimax Player move 27 at (0, 1), max_depth=15 at 1.250029 seconds (total time 35.026)
[[-1.  1.  1.  1.  1.  1.  0.  0.]
 [-1.  1.  1.  1.  1. -1. -1.  0.]
 [-1.  1. -1.  1.  1. -1. -1.  1.]
 [-1.  1.  1. -1.  1. -1. -1.  1.]
 [-1. -1. -1.  1.  1.  1. -1.  1.]
 [-1.  0. -1. -1.  1. -1.  1.  1.]
 [-1. -1. -1. -1. -1. -1.  1.  1.]
 [-1.  0.  0. -1. -1. -1.  1.  1.]] (0, 1) p1

------ EBIWONOP MOVE -----------
(0, 6)
[[-1. -1. -1. -1. -1. -1. -1.  0.]
 [-1.  1.  1.  1.  1. -1. -1.  0.]
 [-1.  1. -1.  1.  1. -1. -1.  1.]
 [-1.  1.  1. -1.  1. -1. -1.  1.]
 [-1. -1. -1.  1.  1.  1. -1.  1.]
 [-1.  0. -1. -1.  1. -1.  1.  1.]
 [-1. -1. -1. -1. -1. -1.  1.  1.]
 [-1.  0.  0. -1. -1. -1.  1.  1.]] (0, 6) p2

Clayton's Minimax Player move 28 at (0, 7), max_depth=80 at 1.250101 seconds (total time 36.276)
[[-1. -1. -1. -1. -1. -1. -1.  1.]
 [-1.  1.  1.  1.  1. -1.  1.  0.]
 [-1.  1. -1.  1.  1.  1. -1.  1.]
 [-1.  1.  1. -1.  1. -1. -1.  1.]
 [-1. -1. -1.  1.  1.  1. -1.  1.]
 [-1.  0. -1. -1.  1. -1.  1.  1.]
 [-1. -1. -1. -1. -1. -1.  1.  1.]
 [-1.  0.  0. -1. -1. -1.  1.  1.]] (0, 7) p1

------ EBIWONOP MOVE -----------
(1, 7)
[[-1. -1. -1. -1. -1. -1. -1.  1.]
 [-1.  1.  1.  1.  1. -1. -1. -1.]
 [-1.  1. -1.  1.  1.  1. -1.  1.]
 [-1.  1.  1. -1.  1. -1. -1.  1.]
 [-1. -1. -1.  1.  1.  1. -1.  1.]
 [-1.  0. -1. -1.  1. -1.  1.  1.]
 [-1. -1. -1. -1. -1. -1.  1.  1.]
 [-1.  0.  0. -1. -1. -1.  1.  1.]] (1, 7) p2

Clayton's Minimax Player move 29 at (5, 1), max_depth=512 at 1.250062 seconds (total time 37.526)
[[-1. -1. -1. -1. -1. -1. -1.  1.]
 [-1.  1.  1.  1.  1. -1. -1. -1.]
 [-1.  1. -1.  1.  1.  1. -1.  1.]
 [-1.  1.  1.  1.  1. -1. -1.  1.]
 [-1.  1.  1.  1.  1.  1. -1.  1.]
 [-1.  1.  1.  1.  1. -1.  1.  1.]
 [-1. -1. -1. -1. -1. -1.  1.  1.]
 [-1.  0.  0. -1. -1. -1.  1.  1.]] (5, 1) p1

[[-1. -1. -1. -1. -1. -1. -1.  1.]
 [-1.  1.  1.  1.  1. -1. -1. -1.]
 [-1.  1. -1.  1.  1.  1. -1.  1.]
 [-1.  1.  1.  1.  1. -1. -1.  1.]
 [-1.  1.  1.  1.  1.  1. -1.  1.]
 [-1.  1.  1.  1.  1. -1.  1.  1.]
 [-1. -1. -1. -1. -1. -1.  1.  1.]
 [-1.  0.  0. -1. -1. -1.  1.  1.]] None p2

Clayton's Minimax Player move 30 at (7, 2), max_depth=1584 at 1.250045 seconds (total time 38.776)
[[-1. -1. -1. -1. -1. -1. -1.  1.]
 [-1.  1.  1.  1.  1. -1. -1. -1.]
 [-1.  1. -1.  1.  1.  1. -1.  1.]
 [-1.  1.  1.  1.  1. -1. -1.  1.]
 [-1.  1.  1.  1.  1.  1. -1.  1.]
 [-1.  1.  1.  1.  1. -1.  1.  1.]
 [-1. -1.  1.  1. -1. -1.  1.  1.]
 [-1.  0.  1.  1.  1.  1.  1.  1.]] (7, 2) p1

------ EBIWONOP MOVE -----------
(7, 1)
[[-1. -1. -1. -1. -1. -1. -1.  1.]
 [-1.  1.  1.  1.  1. -1. -1. -1.]
 [-1.  1. -1.  1.  1.  1. -1.  1.]
 [-1.  1.  1.  1.  1. -1. -1.  1.]
 [-1.  1.  1.  1. -1.  1. -1.  1.]
 [-1.  1.  1. -1.  1. -1.  1.  1.]
 [-1. -1. -1.  1. -1. -1.  1.  1.]
 [-1. -1.  1.  1.  1.  1.  1.  1.]] (7, 1) p2

Winner arena.clayton, due to Majority
[[-1 -1 -1 -1 -1 -1 -1  1]
 [-1  1  1  1  1 -1 -1 -1]
 [-1  1 -1  1  1  1 -1  1]
 [-1  1  1  1  1 -1 -1  1]
 [-1  1  1  1 -1  1 -1  1]
 [-1  1  1 -1  1 -1  1  1]
 [-1 -1 -1  1 -1 -1  1  1]
 [-1 -1  1  1  1  1  1  1]]