


Game Notes:
titoebiwonjumi@Oluwatitos-MacBook-Pro-2 othello % python othello.py -v arena.ebiwonop-alphabeta arena.clayton 
arena.ebiwonop-alphabeta
arena.clayton
Player: Clayton's Minimax Player.
------------ LET's BEGIN -----------
[[ 0.  0.  0.  0.  0.  0.  0.  0.]
 [ 0.  0.  0.  0.  0.  0.  0.  0.]
 [ 0.  0.  0.  0.  0.  0.  0.  0.]
 [ 0.  0.  0. -1.  1.  0.  0.  0.]
 [ 0.  0.  0.  1. -1.  0.  0.  0.]
 [ 0.  0.  0.  0.  0.  0.  0.  0.]
 [ 0.  0.  0.  0.  0.  0.  0.  0.]
 [ 0.  0.  0.  0.  0.  0.  0.  0.]] START GAME

------ EBIWONOP MOVE -----------
(2, 3)
[[ 0.  0.  0.  0.  0.  0.  0.  0.]
 [ 0.  0.  0.  0.  0.  0.  0.  0.]
 [ 0.  0.  0.  1.  0.  0.  0.  0.]
 [ 0.  0.  0.  1.  1.  0.  0.  0.]
 [ 0.  0.  0.  1. -1.  0.  0.  0.]
 [ 0.  0.  0.  0.  0.  0.  0.  0.]
 [ 0.  0.  0.  0.  0.  0.  0.  0.]
 [ 0.  0.  0.  0.  0.  0.  0.  0.]] (2, 3) p1

Clayton's Minimax Player move 0 at (2, 2), max_depth=6 at 1.253841 seconds (total time 1.254)
[[ 0.  0.  0.  0.  0.  0.  0.  0.]
 [ 0.  0.  0.  0.  0.  0.  0.  0.]
 [ 0.  0. -1.  1.  0.  0.  0.  0.]
 [ 0.  0.  0. -1.  1.  0.  0.  0.]
 [ 0.  0.  0.  1. -1.  0.  0.  0.]
 [ 0.  0.  0.  0.  0.  0.  0.  0.]
 [ 0.  0.  0.  0.  0.  0.  0.  0.]
 [ 0.  0.  0.  0.  0.  0.  0.  0.]] (2, 2) p2

------ EBIWONOP MOVE -----------
(2, 1)
[[ 0.  0.  0.  0.  0.  0.  0.  0.]
 [ 0.  0.  0.  0.  0.  0.  0.  0.]
 [ 0.  1.  1.  1.  0.  0.  0.  0.]
 [ 0.  0.  0. -1.  1.  0.  0.  0.]
 [ 0.  0.  0.  1. -1.  0.  0.  0.]
 [ 0.  0.  0.  0.  0.  0.  0.  0.]
 [ 0.  0.  0.  0.  0.  0.  0.  0.]
 [ 0.  0.  0.  0.  0.  0.  0.  0.]] (2, 1) p1

Clayton's Minimax Player move 1 at (1, 3), max_depth=5 at 1.250477 seconds (total time 2.504)
[[ 0.  0.  0.  0.  0.  0.  0.  0.]
 [ 0.  0.  0. -1.  0.  0.  0.  0.]
 [ 0.  1.  1. -1.  0.  0.  0.  0.]
 [ 0.  0.  0. -1.  1.  0.  0.  0.]
 [ 0.  0.  0.  1. -1.  0.  0.  0.]
 [ 0.  0.  0.  0.  0.  0.  0.  0.]
 [ 0.  0.  0.  0.  0.  0.  0.  0.]
 [ 0.  0.  0.  0.  0.  0.  0.  0.]] (1, 3) p2

------ EBIWONOP MOVE -----------
(0, 3)
[[ 0.  0.  0.  1.  0.  0.  0.  0.]
 [ 0.  0.  0.  1.  0.  0.  0.  0.]
 [ 0.  1.  1.  1.  0.  0.  0.  0.]
 [ 0.  0.  0.  1.  1.  0.  0.  0.]
 [ 0.  0.  0.  1. -1.  0.  0.  0.]
 [ 0.  0.  0.  0.  0.  0.  0.  0.]
 [ 0.  0.  0.  0.  0.  0.  0.  0.]
 [ 0.  0.  0.  0.  0.  0.  0.  0.]] (0, 3) p1

Clayton's Minimax Player move 2 at (4, 2), max_depth=6 at 1.251603 seconds (total time 3.756)
[[ 0.  0.  0.  1.  0.  0.  0.  0.]
 [ 0.  0.  0.  1.  0.  0.  0.  0.]
 [ 0.  1.  1.  1.  0.  0.  0.  0.]
 [ 0.  0.  0.  1.  1.  0.  0.  0.]
 [ 0.  0. -1. -1. -1.  0.  0.  0.]
 [ 0.  0.  0.  0.  0.  0.  0.  0.]
 [ 0.  0.  0.  0.  0.  0.  0.  0.]
 [ 0.  0.  0.  0.  0.  0.  0.  0.]] (4, 2) p2

------ EBIWONOP MOVE -----------
(5, 4)
[[ 0.  0.  0.  1.  0.  0.  0.  0.]
 [ 0.  0.  0.  1.  0.  0.  0.  0.]
 [ 0.  1.  1.  1.  0.  0.  0.  0.]
 [ 0.  0.  0.  1.  1.  0.  0.  0.]
 [ 0.  0. -1. -1.  1.  0.  0.  0.]
 [ 0.  0.  0.  0.  1.  0.  0.  0.]
 [ 0.  0.  0.  0.  0.  0.  0.  0.]
 [ 0.  0.  0.  0.  0.  0.  0.  0.]] (5, 4) p1

Clayton's Minimax Player move 3 at (2, 5), max_depth=6 at 1.2506 seconds (total time 5.006)
[[ 0.  0.  0.  1.  0.  0.  0.  0.]
 [ 0.  0.  0.  1.  0.  0.  0.  0.]
 [ 0.  1.  1.  1.  0. -1.  0.  0.]
 [ 0.  0.  0.  1. -1.  0.  0.  0.]
 [ 0.  0. -1. -1.  1.  0.  0.  0.]
 [ 0.  0.  0.  0.  1.  0.  0.  0.]
 [ 0.  0.  0.  0.  0.  0.  0.  0.]
 [ 0.  0.  0.  0.  0.  0.  0.  0.]] (2, 5) p2

------ EBIWONOP MOVE -----------
(2, 4)
[[ 0.  0.  0.  1.  0.  0.  0.  0.]
 [ 0.  0.  0.  1.  0.  0.  0.  0.]
 [ 0.  1.  1.  1.  1. -1.  0.  0.]
 [ 0.  0.  0.  1.  1.  0.  0.  0.]
 [ 0.  0. -1. -1.  1.  0.  0.  0.]
 [ 0.  0.  0.  0.  1.  0.  0.  0.]
 [ 0.  0.  0.  0.  0.  0.  0.  0.]
 [ 0.  0.  0.  0.  0.  0.  0.  0.]] (2, 4) p1

Clayton's Minimax Player move 4 at (2, 0), max_depth=5 at 1.250948 seconds (total time 6.257)
[[ 0.  0.  0.  1.  0.  0.  0.  0.]
 [ 0.  0.  0.  1.  0.  0.  0.  0.]
 [-1. -1. -1. -1. -1. -1.  0.  0.]
 [ 0.  0.  0.  1.  1.  0.  0.  0.]
 [ 0.  0. -1. -1.  1.  0.  0.  0.]
 [ 0.  0.  0.  0.  1.  0.  0.  0.]
 [ 0.  0.  0.  0.  0.  0.  0.  0.]
 [ 0.  0.  0.  0.  0.  0.  0.  0.]] (2, 0) p2

------ EBIWONOP MOVE -----------
(1, 6)
[[ 0.  0.  0.  1.  0.  0.  0.  0.]
 [ 0.  0.  0.  1.  0.  0.  1.  0.]
 [-1. -1. -1. -1. -1.  1.  0.  0.]
 [ 0.  0.  0.  1.  1.  0.  0.  0.]
 [ 0.  0. -1. -1.  1.  0.  0.  0.]
 [ 0.  0.  0.  0.  1.  0.  0.  0.]
 [ 0.  0.  0.  0.  0.  0.  0.  0.]
 [ 0.  0.  0.  0.  0.  0.  0.  0.]] (1, 6) p1

Clayton's Minimax Player move 5 at (0, 2), max_depth=5 at 1.251043 seconds (total time 7.508)
[[ 0.  0. -1.  1.  0.  0.  0.  0.]
 [ 0.  0.  0. -1.  0.  0.  1.  0.]
 [-1. -1. -1. -1. -1.  1.  0.  0.]
 [ 0.  0.  0.  1.  1.  0.  0.  0.]
 [ 0.  0. -1. -1.  1.  0.  0.  0.]
 [ 0.  0.  0.  0.  1.  0.  0.  0.]
 [ 0.  0.  0.  0.  0.  0.  0.  0.]
 [ 0.  0.  0.  0.  0.  0.  0.  0.]] (0, 2) p2

------ EBIWONOP MOVE -----------
(0, 1)
[[ 0.  1.  1.  1.  0.  0.  0.  0.]
 [ 0.  0.  0. -1.  0.  0.  1.  0.]
 [-1. -1. -1. -1. -1.  1.  0.  0.]
 [ 0.  0.  0.  1.  1.  0.  0.  0.]
 [ 0.  0. -1. -1.  1.  0.  0.  0.]
 [ 0.  0.  0.  0.  1.  0.  0.  0.]
 [ 0.  0.  0.  0.  0.  0.  0.  0.]
 [ 0.  0.  0.  0.  0.  0.  0.  0.]] (0, 1) p1

Clayton's Minimax Player move 6 at (2, 6), max_depth=5 at 1.251046 seconds (total time 8.759)
[[ 0.  1.  1.  1.  0.  0.  0.  0.]
 [ 0.  0.  0. -1.  0.  0.  1.  0.]
 [-1. -1. -1. -1. -1. -1. -1.  0.]
 [ 0.  0.  0.  1.  1.  0.  0.  0.]
 [ 0.  0. -1. -1.  1.  0.  0.  0.]
 [ 0.  0.  0.  0.  1.  0.  0.  0.]
 [ 0.  0.  0.  0.  0.  0.  0.  0.]
 [ 0.  0.  0.  0.  0.  0.  0.  0.]] (2, 6) p2

------ EBIWONOP MOVE -----------
(1, 5)
[[ 0.  1.  1.  1.  0.  0.  0.  0.]
 [ 0.  0.  0. -1.  0.  1.  1.  0.]
 [-1. -1. -1. -1.  1. -1. -1.  0.]
 [ 0.  0.  0.  1.  1.  0.  0.  0.]
 [ 0.  0. -1. -1.  1.  0.  0.  0.]
 [ 0.  0.  0.  0.  1.  0.  0.  0.]
 [ 0.  0.  0.  0.  0.  0.  0.  0.]
 [ 0.  0.  0.  0.  0.  0.  0.  0.]] (1, 5) p1

Clayton's Minimax Player move 7 at (5, 5), max_depth=5 at 1.251255 seconds (total time 10.011)
[[ 0.  1.  1.  1.  0.  0.  0.  0.]
 [ 0.  0.  0. -1.  0.  1.  1.  0.]
 [-1. -1. -1. -1.  1. -1. -1.  0.]
 [ 0.  0.  0. -1.  1.  0.  0.  0.]
 [ 0.  0. -1. -1. -1.  0.  0.  0.]
 [ 0.  0.  0.  0.  1. -1.  0.  0.]
 [ 0.  0.  0.  0.  0.  0.  0.  0.]
 [ 0.  0.  0.  0.  0.  0.  0.  0.]] (5, 5) p2

------ EBIWONOP MOVE -----------
(2, 7)
[[ 0.  1.  1.  1.  0.  0.  0.  0.]
 [ 0.  0.  0. -1.  0.  1.  1.  0.]
 [-1. -1. -1. -1.  1.  1.  1.  1.]
 [ 0.  0.  0. -1.  1.  0.  0.  0.]
 [ 0.  0. -1. -1. -1.  0.  0.  0.]
 [ 0.  0.  0.  0.  1. -1.  0.  0.]
 [ 0.  0.  0.  0.  0.  0.  0.  0.]
 [ 0.  0.  0.  0.  0.  0.  0.  0.]] (2, 7) p1

Clayton's Minimax Player move 8 at (4, 5), max_depth=5 at 1.250889 seconds (total time 11.262)
[[ 0.  1.  1.  1.  0.  0.  0.  0.]
 [ 0.  0.  0. -1.  0.  1.  1.  0.]
 [-1. -1. -1. -1.  1.  1.  1.  1.]
 [ 0.  0.  0. -1. -1.  0.  0.  0.]
 [ 0.  0. -1. -1. -1. -1.  0.  0.]
 [ 0.  0.  0.  0.  1. -1.  0.  0.]
 [ 0.  0.  0.  0.  0.  0.  0.  0.]
 [ 0.  0.  0.  0.  0.  0.  0.  0.]] (4, 5) p2

------ EBIWONOP MOVE -----------
(5, 3)
[[ 0.  1.  1.  1.  0.  0.  0.  0.]
 [ 0.  0.  0.  1.  0.  1.  1.  0.]
 [-1. -1. -1.  1.  1.  1.  1.  1.]
 [ 0.  0.  0.  1. -1.  0.  0.  0.]
 [ 0.  0. -1.  1. -1. -1.  0.  0.]
 [ 0.  0.  0.  1.  1. -1.  0.  0.]
 [ 0.  0.  0.  0.  0.  0.  0.  0.]
 [ 0.  0.  0.  0.  0.  0.  0.  0.]] (5, 3) p1

Clayton's Minimax Player move 9 at (5, 2), max_depth=4 at 1.251824 seconds (total time 12.513)
[[ 0.  1.  1.  1.  0.  0.  0.  0.]
 [ 0.  0.  0.  1.  0.  1.  1.  0.]
 [-1. -1. -1.  1.  1.  1.  1.  1.]
 [ 0.  0.  0.  1. -1.  0.  0.  0.]
 [ 0.  0. -1. -1. -1. -1.  0.  0.]
 [ 0.  0. -1. -1. -1. -1.  0.  0.]
 [ 0.  0.  0.  0.  0.  0.  0.  0.]
 [ 0.  0.  0.  0.  0.  0.  0.  0.]] (5, 2) p2

------ EBIWONOP MOVE -----------
(5, 1)
[[ 0.  1.  1.  1.  0.  0.  0.  0.]
 [ 0.  0.  0.  1.  0.  1.  1.  0.]
 [-1. -1. -1.  1.  1.  1.  1.  1.]
 [ 0.  0.  0.  1. -1.  0.  0.  0.]
 [ 0.  0.  1. -1. -1. -1.  0.  0.]
 [ 0.  1. -1. -1. -1. -1.  0.  0.]
 [ 0.  0.  0.  0.  0.  0.  0.  0.]
 [ 0.  0.  0.  0.  0.  0.  0.  0.]] (5, 1) p1

Clayton's Minimax Player move 10 at (3, 2), max_depth=4 at 1.250581 seconds (total time 13.764)
[[ 0.  1.  1.  1.  0.  0.  0.  0.]
 [ 0.  0.  0.  1.  0.  1.  1.  0.]
 [-1. -1. -1.  1.  1.  1.  1.  1.]
 [ 0.  0. -1. -1. -1.  0.  0.  0.]
 [ 0.  0. -1. -1. -1. -1.  0.  0.]
 [ 0.  1. -1. -1. -1. -1.  0.  0.]
 [ 0.  0.  0.  0.  0.  0.  0.  0.]
 [ 0.  0.  0.  0.  0.  0.  0.  0.]] (3, 2) p2

------ EBIWONOP MOVE -----------
(5, 6)
[[ 0.  1.  1.  1.  0.  0.  0.  0.]
 [ 0.  0.  0.  1.  0.  1.  1.  0.]
 [-1. -1. -1.  1.  1.  1.  1.  1.]
 [ 0.  0. -1. -1.  1.  0.  0.  0.]
 [ 0.  0. -1. -1. -1.  1.  0.  0.]
 [ 0.  1.  1.  1.  1.  1.  1.  0.]
 [ 0.  0.  0.  0.  0.  0.  0.  0.]
 [ 0.  0.  0.  0.  0.  0.  0.  0.]] (5, 6) p1

Clayton's Minimax Player move 11 at (3, 5), max_depth=4 at 1.251347 seconds (total time 15.015)
[[ 0.  1.  1.  1.  0.  0.  0.  0.]
 [ 0.  0.  0.  1.  0.  1.  1.  0.]
 [-1. -1. -1.  1.  1.  1.  1.  1.]
 [ 0.  0. -1. -1. -1. -1.  0.  0.]
 [ 0.  0. -1. -1. -1.  1.  0.  0.]
 [ 0.  1.  1.  1.  1.  1.  1.  0.]
 [ 0.  0.  0.  0.  0.  0.  0.  0.]
 [ 0.  0.  0.  0.  0.  0.  0.  0.]] (3, 5) p2

------ EBIWONOP MOVE -----------
(1, 0)
[[ 0.  1.  1.  1.  0.  0.  0.  0.]
 [ 1.  0.  0.  1.  0.  1.  1.  0.]
 [-1.  1. -1.  1.  1.  1.  1.  1.]
 [ 0.  0.  1. -1. -1. -1.  0.  0.]
 [ 0.  0. -1.  1. -1.  1.  0.  0.]
 [ 0.  1.  1.  1.  1.  1.  1.  0.]
 [ 0.  0.  0.  0.  0.  0.  0.  0.]
 [ 0.  0.  0.  0.  0.  0.  0.  0.]] (1, 0) p1

Clayton's Minimax Player move 12 at (0, 0), max_depth=4 at 1.250765 seconds (total time 16.266)
[[-1.  1.  1.  1.  0.  0.  0.  0.]
 [-1.  0.  0.  1.  0.  1.  1.  0.]
 [-1.  1. -1.  1.  1.  1.  1.  1.]
 [ 0.  0.  1. -1. -1. -1.  0.  0.]
 [ 0.  0. -1.  1. -1.  1.  0.  0.]
 [ 0.  1.  1.  1.  1.  1.  1.  0.]
 [ 0.  0.  0.  0.  0.  0.  0.  0.]
 [ 0.  0.  0.  0.  0.  0.  0.  0.]] (0, 0) p2

------ EBIWONOP MOVE -----------
(1, 1)
[[-1.  1.  1.  1.  0.  0.  0.  0.]
 [-1.  1.  0.  1.  0.  1.  1.  0.]
 [-1.  1.  1.  1.  1.  1.  1.  1.]
 [ 0.  0.  1.  1. -1. -1.  0.  0.]
 [ 0.  0. -1.  1.  1.  1.  0.  0.]
 [ 0.  1.  1.  1.  1.  1.  1.  0.]
 [ 0.  0.  0.  0.  0.  0.  0.  0.]
 [ 0.  0.  0.  0.  0.  0.  0.  0.]] (1, 1) p1

Clayton's Minimax Player move 13 at (0, 4), max_depth=5 at 1.250985 seconds (total time 17.517)
[[-1. -1. -1. -1. -1.  0.  0.  0.]
 [-1.  1.  0.  1.  0.  1.  1.  0.]
 [-1.  1.  1.  1.  1.  1.  1.  1.]
 [ 0.  0.  1.  1. -1. -1.  0.  0.]
 [ 0.  0. -1.  1.  1.  1.  0.  0.]
 [ 0.  1.  1.  1.  1.  1.  1.  0.]
 [ 0.  0.  0.  0.  0.  0.  0.  0.]
 [ 0.  0.  0.  0.  0.  0.  0.  0.]] (0, 4) p2

------ EBIWONOP MOVE -----------
(3, 1)
[[-1. -1. -1. -1. -1.  0.  0.  0.]
 [-1.  1.  0.  1.  0.  1.  1.  0.]
 [-1.  1.  1.  1.  1.  1.  1.  1.]
 [ 0.  1.  1.  1. -1. -1.  0.  0.]
 [ 0.  0.  1.  1.  1.  1.  0.  0.]
 [ 0.  1.  1.  1.  1.  1.  1.  0.]
 [ 0.  0.  0.  0.  0.  0.  0.  0.]
 [ 0.  0.  0.  0.  0.  0.  0.  0.]] (3, 1) p1

Clayton's Minimax Player move 14 at (3, 0), max_depth=5 at 1.252058 seconds (total time 18.769)
[[-1. -1. -1. -1. -1.  0.  0.  0.]
 [-1.  1.  0.  1.  0.  1.  1.  0.]
 [-1.  1.  1.  1.  1.  1.  1.  1.]
 [-1. -1. -1. -1. -1. -1.  0.  0.]
 [ 0.  0.  1.  1.  1.  1.  0.  0.]
 [ 0.  1.  1.  1.  1.  1.  1.  0.]
 [ 0.  0.  0.  0.  0.  0.  0.  0.]
 [ 0.  0.  0.  0.  0.  0.  0.  0.]] (3, 0) p2

------ EBIWONOP MOVE -----------
(4, 1)
[[-1. -1. -1. -1. -1.  0.  0.  0.]
 [-1.  1.  0.  1.  0.  1.  1.  0.]
 [-1.  1.  1.  1.  1.  1.  1.  1.]
 [-1.  1.  1. -1. -1. -1.  0.  0.]
 [ 0.  1.  1.  1.  1.  1.  0.  0.]
 [ 0.  1.  1.  1.  1.  1.  1.  0.]
 [ 0.  0.  0.  0.  0.  0.  0.  0.]
 [ 0.  0.  0.  0.  0.  0.  0.  0.]] (4, 1) p1

Clayton's Minimax Player move 15 at (0, 5), max_depth=5 at 1.251213 seconds (total time 20.02)
[[-1. -1. -1. -1. -1. -1.  0.  0.]
 [-1.  1.  0.  1.  0. -1.  1.  0.]
 [-1.  1.  1.  1.  1. -1.  1.  1.]
 [-1.  1.  1. -1. -1. -1.  0.  0.]
 [ 0.  1.  1.  1.  1.  1.  0.  0.]
 [ 0.  1.  1.  1.  1.  1.  1.  0.]
 [ 0.  0.  0.  0.  0.  0.  0.  0.]
 [ 0.  0.  0.  0.  0.  0.  0.  0.]] (0, 5) p2

------ EBIWONOP MOVE -----------
(1, 4)
[[-1. -1. -1. -1. -1. -1.  0.  0.]
 [-1.  1.  0.  1.  1.  1.  1.  0.]
 [-1.  1.  1.  1.  1. -1.  1.  1.]
 [-1.  1.  1. -1. -1. -1.  0.  0.]
 [ 0.  1.  1.  1.  1.  1.  0.  0.]
 [ 0.  1.  1.  1.  1.  1.  1.  0.]
 [ 0.  0.  0.  0.  0.  0.  0.  0.]
 [ 0.  0.  0.  0.  0.  0.  0.  0.]] (1, 4) p1

Clayton's Minimax Player move 16 at (5, 0), max_depth=5 at 1.251944 seconds (total time 21.272)
[[-1. -1. -1. -1. -1. -1.  0.  0.]
 [-1.  1.  0.  1. -1.  1.  1.  0.]
 [-1.  1.  1. -1.  1. -1.  1.  1.]
 [-1.  1. -1. -1. -1. -1.  0.  0.]
 [ 0. -1.  1.  1.  1.  1.  0.  0.]
 [-1.  1.  1.  1.  1.  1.  1.  0.]
 [ 0.  0.  0.  0.  0.  0.  0.  0.]
 [ 0.  0.  0.  0.  0.  0.  0.  0.]] (5, 0) p2

------ EBIWONOP MOVE -----------
(3, 6)
[[-1. -1. -1. -1. -1. -1.  0.  0.]
 [-1.  1.  0.  1. -1.  1.  1.  0.]
 [-1.  1.  1. -1.  1. -1.  1.  1.]
 [-1.  1.  1.  1.  1.  1.  1.  0.]
 [ 0. -1.  1.  1.  1.  1.  0.  0.]
 [-1.  1.  1.  1.  1.  1.  1.  0.]
 [ 0.  0.  0.  0.  0.  0.  0.  0.]
 [ 0.  0.  0.  0.  0.  0.  0.  0.]] (3, 6) p1

Clayton's Minimax Player move 17 at (4, 0), max_depth=5 at 1.250483 seconds (total time 22.523)
[[-1. -1. -1. -1. -1. -1.  0.  0.]
 [-1.  1.  0. -1. -1.  1.  1.  0.]
 [-1.  1. -1. -1.  1. -1.  1.  1.]
 [-1. -1.  1.  1.  1.  1.  1.  0.]
 [-1. -1.  1.  1.  1.  1.  0.  0.]
 [-1.  1.  1.  1.  1.  1.  1.  0.]
 [ 0.  0.  0.  0.  0.  0.  0.  0.]
 [ 0.  0.  0.  0.  0.  0.  0.  0.]] (4, 0) p2

------ EBIWONOP MOVE -----------
(1, 2)
[[-1. -1. -1. -1. -1. -1.  0.  0.]
 [-1.  1.  1.  1.  1.  1.  1.  0.]
 [-1.  1.  1.  1.  1. -1.  1.  1.]
 [-1. -1.  1.  1.  1.  1.  1.  0.]
 [-1. -1.  1.  1.  1.  1.  0.  0.]
 [-1.  1.  1.  1.  1.  1.  1.  0.]
 [ 0.  0.  0.  0.  0.  0.  0.  0.]
 [ 0.  0.  0.  0.  0.  0.  0.  0.]] (1, 2) p1

Clayton's Minimax Player move 18 at (0, 7), max_depth=6 at 1.250994 seconds (total time 23.774)
[[-1. -1. -1. -1. -1. -1.  0. -1.]
 [-1.  1.  1.  1.  1.  1. -1.  0.]
 [-1.  1.  1.  1.  1. -1.  1.  1.]
 [-1. -1.  1.  1.  1.  1.  1.  0.]
 [-1. -1.  1.  1.  1.  1.  0.  0.]
 [-1.  1.  1.  1.  1.  1.  1.  0.]
 [ 0.  0.  0.  0.  0.  0.  0.  0.]
 [ 0.  0.  0.  0.  0.  0.  0.  0.]] (0, 7) p2

------ EBIWONOP MOVE -----------
(0, 6)
[[-1. -1. -1. -1. -1. -1.  1. -1.]
 [-1.  1.  1.  1.  1.  1.  1.  0.]
 [-1.  1.  1.  1.  1. -1.  1.  1.]
 [-1. -1.  1.  1.  1.  1.  1.  0.]
 [-1. -1.  1.  1.  1.  1.  0.  0.]
 [-1.  1.  1.  1.  1.  1.  1.  0.]
 [ 0.  0.  0.  0.  0.  0.  0.  0.]
 [ 0.  0.  0.  0.  0.  0.  0.  0.]] (0, 6) p1

Clayton's Minimax Player move 19 at (6, 2), max_depth=6 at 1.250587 seconds (total time 25.024)
[[-1. -1. -1. -1. -1. -1.  1. -1.]
 [-1.  1. -1.  1.  1.  1.  1.  0.]
 [-1.  1. -1.  1.  1. -1.  1.  1.]
 [-1. -1. -1.  1.  1.  1.  1.  0.]
 [-1. -1. -1.  1.  1.  1.  0.  0.]
 [-1. -1. -1.  1.  1.  1.  1.  0.]
 [ 0.  0. -1.  0.  0.  0.  0.  0.]
 [ 0.  0.  0.  0.  0.  0.  0.  0.]] (6, 2) p2

------ EBIWONOP MOVE -----------
(6, 1)
[[-1. -1. -1. -1. -1. -1.  1. -1.]
 [-1.  1. -1.  1.  1.  1.  1.  0.]
 [-1.  1. -1.  1.  1. -1.  1.  1.]
 [-1.  1. -1.  1.  1.  1.  1.  0.]
 [-1.  1. -1.  1.  1.  1.  0.  0.]
 [-1.  1.  1.  1.  1.  1.  1.  0.]
 [ 0.  1. -1.  0.  0.  0.  0.  0.]
 [ 0.  0.  0.  0.  0.  0.  0.  0.]] (6, 1) p1

Clayton's Minimax Player move 20 at (5, 7), max_depth=5 at 1.250136 seconds (total time 26.274)
[[-1. -1. -1. -1. -1. -1.  1. -1.]
 [-1.  1. -1.  1.  1.  1.  1.  0.]
 [-1.  1. -1.  1.  1. -1.  1.  1.]
 [-1.  1. -1.  1.  1.  1.  1.  0.]
 [-1.  1. -1.  1.  1.  1.  0.  0.]
 [-1. -1. -1. -1. -1. -1. -1. -1.]
 [ 0.  1. -1.  0.  0.  0.  0.  0.]
 [ 0.  0.  0.  0.  0.  0.  0.  0.]] (5, 7) p2

------ EBIWONOP MOVE -----------
(6, 3)
[[-1. -1. -1. -1. -1. -1.  1. -1.]
 [-1.  1. -1.  1.  1.  1.  1.  0.]
 [-1.  1. -1.  1.  1. -1.  1.  1.]
 [-1.  1. -1.  1.  1.  1.  1.  0.]
 [-1.  1. -1.  1.  1.  1.  0.  0.]
 [-1. -1.  1.  1.  1. -1. -1. -1.]
 [ 0.  1.  1.  1.  0.  0.  0.  0.]
 [ 0.  0.  0.  0.  0.  0.  0.  0.]] (6, 3) p1

Clayton's Minimax Player move 21 at (7, 0), max_depth=5 at 1.250864 seconds (total time 27.525)
[[-1. -1. -1. -1. -1. -1.  1. -1.]
 [-1.  1. -1.  1.  1.  1.  1.  0.]
 [-1.  1. -1.  1.  1. -1.  1.  1.]
 [-1.  1. -1.  1. -1.  1.  1.  0.]
 [-1.  1. -1. -1.  1.  1.  0.  0.]
 [-1. -1. -1.  1.  1. -1. -1. -1.]
 [ 0. -1.  1.  1.  0.  0.  0.  0.]
 [-1.  0.  0.  0.  0.  0.  0.  0.]] (7, 0) p2

------ EBIWONOP MOVE -----------
(6, 5)
[[-1. -1. -1. -1. -1. -1.  1. -1.]
 [-1.  1. -1.  1.  1.  1.  1.  0.]
 [-1.  1. -1.  1.  1. -1.  1.  1.]
 [-1.  1. -1.  1. -1.  1.  1.  0.]
 [-1.  1. -1. -1.  1.  1.  0.  0.]
 [-1. -1. -1.  1.  1.  1. -1. -1.]
 [ 0. -1.  1.  1.  0.  1.  0.  0.]
 [-1.  0.  0.  0.  0.  0.  0.  0.]] (6, 5) p1

Clayton's Minimax Player move 22 at (7, 5), max_depth=6 at 1.250929 seconds (total time 28.776)
[[-1. -1. -1. -1. -1. -1.  1. -1.]
 [-1.  1. -1.  1.  1.  1.  1.  0.]
 [-1.  1. -1.  1.  1. -1.  1.  1.]
 [-1.  1. -1.  1. -1. -1.  1.  0.]
 [-1.  1. -1. -1.  1. -1.  0.  0.]
 [-1. -1. -1.  1.  1. -1. -1. -1.]
 [ 0. -1.  1.  1.  0. -1.  0.  0.]
 [-1.  0.  0.  0.  0. -1.  0.  0.]] (7, 5) p2

------ EBIWONOP MOVE -----------
(6, 7)
[[-1. -1. -1. -1. -1. -1.  1. -1.]
 [-1.  1. -1.  1.  1.  1.  1.  0.]
 [-1.  1. -1.  1.  1. -1.  1.  1.]
 [-1.  1. -1.  1.  1. -1.  1.  0.]
 [-1.  1. -1. -1.  1.  1.  0.  0.]
 [-1. -1. -1.  1.  1. -1.  1. -1.]
 [ 0. -1.  1.  1.  0. -1.  0.  1.]
 [-1.  0.  0.  0.  0. -1.  0.  0.]] (6, 7) p1

Clayton's Minimax Player move 23 at (7, 7), max_depth=6 at 1.250254 seconds (total time 30.026)
[[-1. -1. -1. -1. -1. -1.  1. -1.]
 [-1.  1. -1.  1.  1.  1.  1.  0.]
 [-1.  1. -1.  1.  1. -1.  1.  1.]
 [-1.  1. -1.  1.  1. -1.  1.  0.]
 [-1.  1. -1. -1.  1.  1.  0.  0.]
 [-1. -1. -1.  1.  1. -1.  1. -1.]
 [ 0. -1.  1.  1.  0. -1.  0. -1.]
 [-1.  0.  0.  0.  0. -1.  0. -1.]] (7, 7) p2

------ EBIWONOP MOVE -----------
(4, 6)
[[-1. -1. -1. -1. -1. -1.  1. -1.]
 [-1.  1. -1.  1.  1.  1.  1.  0.]
 [-1.  1. -1.  1.  1. -1.  1.  1.]
 [-1.  1. -1.  1.  1.  1.  1.  0.]
 [-1.  1. -1. -1.  1.  1.  1.  0.]
 [-1. -1. -1.  1.  1. -1.  1. -1.]
 [ 0. -1.  1.  1.  0. -1.  0. -1.]
 [-1.  0.  0.  0.  0. -1.  0. -1.]] (4, 6) p1

Clayton's Minimax Player move 24 at (7, 2), max_depth=6 at 1.250623 seconds (total time 31.277)
[[-1. -1. -1. -1. -1. -1.  1. -1.]
 [-1.  1. -1.  1.  1.  1.  1.  0.]
 [-1.  1. -1.  1.  1. -1.  1.  1.]
 [-1.  1. -1.  1.  1.  1.  1.  0.]
 [-1.  1. -1. -1.  1.  1.  1.  0.]
 [-1. -1. -1.  1.  1. -1.  1. -1.]
 [ 0. -1. -1.  1.  0. -1.  0. -1.]
 [-1.  0. -1.  0.  0. -1.  0. -1.]] (7, 2) p2

------ EBIWONOP MOVE -----------
(7, 1)
[[-1. -1. -1. -1. -1. -1.  1. -1.]
 [-1.  1. -1.  1.  1.  1.  1.  0.]
 [-1.  1. -1.  1.  1. -1.  1.  1.]
 [-1.  1. -1.  1.  1.  1.  1.  0.]
 [-1.  1. -1. -1.  1.  1.  1.  0.]
 [-1.  1. -1.  1.  1. -1.  1. -1.]
 [ 0.  1.  1.  1.  0. -1.  0. -1.]
 [-1.  1. -1.  0.  0. -1.  0. -1.]] (7, 1) p1

Clayton's Minimax Player move 25 at (6, 4), max_depth=7 at 1.250313 seconds (total time 32.527)
[[-1. -1. -1. -1. -1. -1.  1. -1.]
 [-1.  1. -1.  1. -1.  1.  1.  0.]
 [-1.  1. -1.  1. -1. -1.  1.  1.]
 [-1.  1. -1.  1. -1.  1.  1.  0.]
 [-1.  1. -1. -1. -1.  1.  1.  0.]
 [-1.  1. -1. -1. -1. -1.  1. -1.]
 [ 0.  1.  1.  1. -1. -1.  0. -1.]
 [-1.  1. -1.  0.  0. -1.  0. -1.]] (6, 4) p2

------ EBIWONOP MOVE -----------
(7, 4)
[[-1. -1. -1. -1. -1. -1.  1. -1.]
 [-1.  1. -1.  1. -1.  1.  1.  0.]
 [-1.  1. -1.  1. -1. -1.  1.  1.]
 [-1.  1. -1.  1. -1.  1.  1.  0.]
 [-1.  1. -1. -1. -1.  1.  1.  0.]
 [-1.  1. -1. -1. -1. -1.  1. -1.]
 [ 0.  1.  1.  1. -1.  1.  0. -1.]
 [-1.  1. -1.  0.  1. -1.  0. -1.]] (7, 4) p1

Clayton's Minimax Player move 26 at (7, 3), max_depth=10 at 1.250095 seconds (total time 33.777)
[[-1. -1. -1. -1. -1. -1.  1. -1.]
 [-1.  1. -1.  1. -1.  1.  1.  0.]
 [-1.  1. -1.  1. -1. -1.  1.  1.]
 [-1.  1. -1.  1. -1.  1.  1.  0.]
 [-1.  1. -1. -1. -1.  1.  1.  0.]
 [-1. -1. -1. -1. -1. -1.  1. -1.]
 [ 0.  1. -1. -1. -1.  1.  0. -1.]
 [-1.  1. -1. -1. -1. -1.  0. -1.]] (7, 3) p2

------ EBIWONOP MOVE -----------
(6, 6)
[[-1. -1. -1. -1. -1. -1.  1. -1.]
 [-1.  1. -1.  1. -1.  1.  1.  0.]
 [-1.  1. -1.  1. -1. -1.  1.  1.]
 [-1.  1. -1.  1. -1.  1.  1.  0.]
 [-1.  1. -1. -1.  1.  1.  1.  0.]
 [-1. -1. -1. -1. -1.  1.  1. -1.]
 [ 0.  1. -1. -1. -1.  1.  1. -1.]
 [-1.  1. -1. -1. -1. -1.  0. -1.]] (6, 6) p1

Clayton's Minimax Player move 27 at (7, 6), max_depth=52 at 1.250051 seconds (total time 35.027)
[[-1. -1. -1. -1. -1. -1.  1. -1.]
 [-1.  1. -1.  1. -1.  1.  1.  0.]
 [-1.  1. -1.  1. -1. -1.  1.  1.]
 [-1.  1. -1.  1. -1.  1.  1.  0.]
 [-1.  1. -1. -1.  1.  1.  1.  0.]
 [-1. -1. -1. -1. -1.  1.  1. -1.]
 [ 0.  1. -1. -1. -1. -1.  1. -1.]
 [-1.  1. -1. -1. -1. -1. -1. -1.]] (7, 6) p2

------ EBIWONOP MOVE -----------
(6, 0)
[[-1. -1. -1. -1. -1. -1.  1. -1.]
 [-1.  1. -1.  1. -1.  1.  1.  0.]
 [-1.  1. -1.  1. -1. -1.  1.  1.]
 [-1.  1. -1.  1. -1.  1.  1.  0.]
 [-1.  1.  1. -1.  1.  1.  1.  0.]
 [-1.  1. -1. -1. -1.  1.  1. -1.]
 [ 1.  1. -1. -1. -1. -1.  1. -1.]
 [-1.  1. -1. -1. -1. -1. -1. -1.]] (6, 0) p1

Clayton's Minimax Player move 28 at (3, 7), max_depth=467 at 1.250065 seconds (total time 36.277)
[[-1. -1. -1. -1. -1. -1.  1. -1.]
 [-1.  1. -1.  1. -1. -1.  1.  0.]
 [-1.  1. -1.  1. -1. -1. -1.  1.]
 [-1.  1. -1.  1. -1. -1. -1. -1.]
 [-1.  1.  1. -1.  1.  1. -1.  0.]
 [-1.  1. -1. -1. -1. -1.  1. -1.]
 [ 1.  1. -1. -1. -1. -1.  1. -1.]
 [-1.  1. -1. -1. -1. -1. -1. -1.]] (3, 7) p2

------ EBIWONOP MOVE -----------
(1, 7)
[[-1. -1. -1. -1. -1. -1.  1. -1.]
 [-1.  1. -1.  1. -1. -1.  1.  1.]
 [-1.  1. -1.  1. -1. -1.  1.  1.]
 [-1.  1. -1.  1. -1.  1. -1. -1.]
 [-1.  1.  1. -1.  1.  1. -1.  0.]
 [-1.  1. -1. -1. -1. -1.  1. -1.]
 [ 1.  1. -1. -1. -1. -1.  1. -1.]
 [-1.  1. -1. -1. -1. -1. -1. -1.]] (1, 7) p1

Clayton's Minimax Player move 29 at (4, 7), max_depth=4493 at 1.25028 seconds (total time 37.528)
[[-1. -1. -1. -1. -1. -1.  1. -1.]
 [-1.  1. -1.  1. -1. -1.  1.  1.]
 [-1.  1. -1.  1. -1. -1.  1.  1.]
 [-1.  1. -1.  1. -1.  1. -1. -1.]
 [-1.  1.  1. -1.  1.  1. -1. -1.]
 [-1.  1. -1. -1. -1. -1. -1. -1.]
 [ 1.  1. -1. -1. -1. -1.  1. -1.]
 [-1.  1. -1. -1. -1. -1. -1. -1.]] (4, 7) p2

Winner arena.clayton, due to Majority
[[-1 -1 -1 -1 -1 -1  1 -1]
 [-1  1 -1  1 -1 -1  1  1]
 [-1  1 -1  1 -1 -1  1  1]
 [-1  1 -1  1 -1  1 -1 -1]
 [-1  1  1 -1  1  1 -1 -1]
 [-1  1 -1 -1 -1 -1 -1 -1]
 [ 1  1 -1 -1 -1 -1  1 -1]
 [-1  1 -1 -1 -1 -1 -1 -1]]