


Game Notes:
titoebiwonjumi@Oluwatitos-MacBook-Pro-2 othello % python othello.py -v arena.ted arena.ebiwonop-alphabeta
arena.ted
arena.ebiwonop-alphabeta
Ted Alpha Beta
------------ LET's BEGIN -----------
[[ 0.  0.  0.  0.  0.  0.  0.  0.]
 [ 0.  0.  0.  0.  0.  0.  0.  0.]
 [ 0.  0.  0.  0.  0.  0.  0.  0.]
 [ 0.  0.  0. -1.  1.  0.  0.  0.]
 [ 0.  0.  0.  1. -1.  0.  0.  0.]
 [ 0.  0.  0.  0.  0.  0.  0.  0.]
 [ 0.  0.  0.  0.  0.  0.  0.  0.]
 [ 0.  0.  0.  0.  0.  0.  0.  0.]] START GAME

[[ 0.  0.  0.  0.  0.  0.  0.  0.]
 [ 0.  0.  0.  0.  0.  0.  0.  0.]
 [ 0.  0.  0.  1.  0.  0.  0.  0.]
 [ 0.  0.  0.  1.  1.  0.  0.  0.]
 [ 0.  0.  0.  1. -1.  0.  0.  0.]
 [ 0.  0.  0.  0.  0.  0.  0.  0.]
 [ 0.  0.  0.  0.  0.  0.  0.  0.]
 [ 0.  0.  0.  0.  0.  0.  0.  0.]] (2, 3) p1

------ EBIWONOP MOVE -----------
(2, 2)
[[ 0.  0.  0.  0.  0.  0.  0.  0.]
 [ 0.  0.  0.  0.  0.  0.  0.  0.]
 [ 0.  0. -1.  1.  0.  0.  0.  0.]
 [ 0.  0.  0. -1.  1.  0.  0.  0.]
 [ 0.  0.  0.  1. -1.  0.  0.  0.]
 [ 0.  0.  0.  0.  0.  0.  0.  0.]
 [ 0.  0.  0.  0.  0.  0.  0.  0.]
 [ 0.  0.  0.  0.  0.  0.  0.  0.]] (2, 2) p2

[[ 0.  0.  0.  0.  0.  0.  0.  0.]
 [ 0.  0.  0.  0.  0.  0.  0.  0.]
 [ 0.  1.  1.  1.  0.  0.  0.  0.]
 [ 0.  0.  0. -1.  1.  0.  0.  0.]
 [ 0.  0.  0.  1. -1.  0.  0.  0.]
 [ 0.  0.  0.  0.  0.  0.  0.  0.]
 [ 0.  0.  0.  0.  0.  0.  0.  0.]
 [ 0.  0.  0.  0.  0.  0.  0.  0.]] (2, 1) p1

------ EBIWONOP MOVE -----------
(2, 4)
[[ 0.  0.  0.  0.  0.  0.  0.  0.]
 [ 0.  0.  0.  0.  0.  0.  0.  0.]
 [ 0.  1.  1.  1. -1.  0.  0.  0.]
 [ 0.  0.  0. -1. -1.  0.  0.  0.]
 [ 0.  0.  0.  1. -1.  0.  0.  0.]
 [ 0.  0.  0.  0.  0.  0.  0.  0.]
 [ 0.  0.  0.  0.  0.  0.  0.  0.]
 [ 0.  0.  0.  0.  0.  0.  0.  0.]] (2, 4) p2

[[ 0.  0.  0.  0.  0.  0.  0.  0.]
 [ 0.  0.  0.  0.  0.  0.  0.  0.]
 [ 0.  1.  1.  1. -1.  0.  0.  0.]
 [ 0.  0.  0. -1.  1.  0.  0.  0.]
 [ 0.  0.  0.  1.  1.  1.  0.  0.]
 [ 0.  0.  0.  0.  0.  0.  0.  0.]
 [ 0.  0.  0.  0.  0.  0.  0.  0.]
 [ 0.  0.  0.  0.  0.  0.  0.  0.]] (4, 5) p1

------ EBIWONOP MOVE -----------
(2, 0)
[[ 0.  0.  0.  0.  0.  0.  0.  0.]
 [ 0.  0.  0.  0.  0.  0.  0.  0.]
 [-1. -1. -1. -1. -1.  0.  0.  0.]
 [ 0.  0.  0. -1.  1.  0.  0.  0.]
 [ 0.  0.  0.  1.  1.  1.  0.  0.]
 [ 0.  0.  0.  0.  0.  0.  0.  0.]
 [ 0.  0.  0.  0.  0.  0.  0.  0.]
 [ 0.  0.  0.  0.  0.  0.  0.  0.]] (2, 0) p2

[[ 0.  0.  0.  0.  0.  0.  0.  0.]
 [ 0.  1.  0.  0.  0.  0.  0.  0.]
 [-1. -1.  1. -1. -1.  0.  0.  0.]
 [ 0.  0.  0.  1.  1.  0.  0.  0.]
 [ 0.  0.  0.  1.  1.  1.  0.  0.]
 [ 0.  0.  0.  0.  0.  0.  0.  0.]
 [ 0.  0.  0.  0.  0.  0.  0.  0.]
 [ 0.  0.  0.  0.  0.  0.  0.  0.]] (1, 1) p1

------ EBIWONOP MOVE -----------
(5, 4)
[[ 0.  0.  0.  0.  0.  0.  0.  0.]
 [ 0.  1.  0.  0.  0.  0.  0.  0.]
 [-1. -1.  1. -1. -1.  0.  0.  0.]
 [ 0.  0.  0.  1. -1.  0.  0.  0.]
 [ 0.  0.  0.  1. -1.  1.  0.  0.]
 [ 0.  0.  0.  0. -1.  0.  0.  0.]
 [ 0.  0.  0.  0.  0.  0.  0.  0.]
 [ 0.  0.  0.  0.  0.  0.  0.  0.]] (5, 4) p2

[[ 0.  0.  0.  0.  0.  0.  0.  0.]
 [ 0.  1.  1.  0.  0.  0.  0.  0.]
 [-1. -1.  1.  1. -1.  0.  0.  0.]
 [ 0.  0.  0.  1.  1.  0.  0.  0.]
 [ 0.  0.  0.  1. -1.  1.  0.  0.]
 [ 0.  0.  0.  0. -1.  0.  0.  0.]
 [ 0.  0.  0.  0.  0.  0.  0.  0.]
 [ 0.  0.  0.  0.  0.  0.  0.  0.]] (1, 2) p1

------ EBIWONOP MOVE -----------
(0, 0)
[[-1.  0.  0.  0.  0.  0.  0.  0.]
 [ 0. -1.  1.  0.  0.  0.  0.  0.]
 [-1. -1. -1.  1. -1.  0.  0.  0.]
 [ 0.  0.  0. -1.  1.  0.  0.  0.]
 [ 0.  0.  0.  1. -1.  1.  0.  0.]
 [ 0.  0.  0.  0. -1.  0.  0.  0.]
 [ 0.  0.  0.  0.  0.  0.  0.  0.]
 [ 0.  0.  0.  0.  0.  0.  0.  0.]] (0, 0) p2

[[-1.  0.  0.  0.  0.  0.  0.  0.]
 [ 1.  1.  1.  0.  0.  0.  0.  0.]
 [-1. -1. -1.  1. -1.  0.  0.  0.]
 [ 0.  0.  0. -1.  1.  0.  0.  0.]
 [ 0.  0.  0.  1. -1.  1.  0.  0.]
 [ 0.  0.  0.  0. -1.  0.  0.  0.]
 [ 0.  0.  0.  0.  0.  0.  0.  0.]
 [ 0.  0.  0.  0.  0.  0.  0.  0.]] (1, 0) p1

------ EBIWONOP MOVE -----------
(0, 1)
[[-1. -1.  0.  0.  0.  0.  0.  0.]
 [ 1. -1.  1.  0.  0.  0.  0.  0.]
 [-1. -1. -1.  1. -1.  0.  0.  0.]
 [ 0.  0.  0. -1.  1.  0.  0.  0.]
 [ 0.  0.  0.  1. -1.  1.  0.  0.]
 [ 0.  0.  0.  0. -1.  0.  0.  0.]
 [ 0.  0.  0.  0.  0.  0.  0.  0.]
 [ 0.  0.  0.  0.  0.  0.  0.  0.]] (0, 1) p2

[[-1. -1.  0.  0.  0.  0.  0.  0.]
 [ 1. -1.  1.  0.  0.  0.  0.  0.]
 [-1. -1. -1.  1. -1.  0.  0.  0.]
 [ 0.  0.  0. -1.  1.  0.  0.  0.]
 [ 0.  0.  0.  1. -1.  1.  0.  0.]
 [ 0.  0.  0.  0.  1.  0.  0.  0.]
 [ 0.  0.  0.  0.  0.  1.  0.  0.]
 [ 0.  0.  0.  0.  0.  0.  0.  0.]] (6, 5) p1

------ EBIWONOP MOVE -----------
(4, 2)
[[-1. -1.  0.  0.  0.  0.  0.  0.]
 [ 1. -1.  1.  0.  0.  0.  0.  0.]
 [-1. -1. -1.  1. -1.  0.  0.  0.]
 [ 0.  0.  0. -1.  1.  0.  0.  0.]
 [ 0.  0. -1. -1. -1.  1.  0.  0.]
 [ 0.  0.  0.  0.  1.  0.  0.  0.]
 [ 0.  0.  0.  0.  0.  1.  0.  0.]
 [ 0.  0.  0.  0.  0.  0.  0.  0.]] (4, 2) p2

[[-1. -1.  0.  0.  0.  0.  0.  0.]
 [ 1. -1.  1.  0.  0.  0.  0.  0.]
 [-1.  1.  1.  1. -1.  0.  0.  0.]
 [ 0.  0.  1.  1.  1.  0.  0.  0.]
 [ 0.  0. -1.  1. -1.  1.  0.  0.]
 [ 0.  0.  0.  0.  1.  0.  0.  0.]
 [ 0.  0.  0.  0.  0.  1.  0.  0.]
 [ 0.  0.  0.  0.  0.  0.  0.  0.]] (3, 2) p1

------ EBIWONOP MOVE -----------
(5, 6)
[[-1. -1.  0.  0.  0.  0.  0.  0.]
 [ 1. -1. -1.  0.  0.  0.  0.  0.]
 [-1.  1.  1. -1. -1.  0.  0.  0.]
 [ 0.  0.  1.  1. -1.  0.  0.  0.]
 [ 0.  0. -1.  1. -1. -1.  0.  0.]
 [ 0.  0.  0.  0.  1.  0. -1.  0.]
 [ 0.  0.  0.  0.  0.  1.  0.  0.]
 [ 0.  0.  0.  0.  0.  0.  0.  0.]] (5, 6) p2

[[-1. -1.  0.  0.  0.  0.  0.  0.]
 [ 1. -1. -1.  0.  1.  0.  0.  0.]
 [-1.  1.  1.  1.  1.  0.  0.  0.]
 [ 0.  0.  1.  1.  1.  0.  0.  0.]
 [ 0.  0. -1.  1.  1. -1.  0.  0.]
 [ 0.  0.  0.  0.  1.  0. -1.  0.]
 [ 0.  0.  0.  0.  0.  1.  0.  0.]
 [ 0.  0.  0.  0.  0.  0.  0.  0.]] (1, 4) p1

------ EBIWONOP MOVE -----------
(2, 5)
[[-1. -1.  0.  0.  0.  0.  0.  0.]
 [ 1. -1. -1.  0.  1.  0.  0.  0.]
 [-1. -1. -1. -1. -1. -1.  0.  0.]
 [ 0.  0.  1.  1.  1.  0.  0.  0.]
 [ 0.  0. -1.  1.  1. -1.  0.  0.]
 [ 0.  0.  0.  0.  1.  0. -1.  0.]
 [ 0.  0.  0.  0.  0.  1.  0.  0.]
 [ 0.  0.  0.  0.  0.  0.  0.  0.]] (2, 5) p2

[[-1. -1.  0.  0.  0.  0.  0.  0.]
 [ 1.  1.  1.  1.  1.  0.  0.  0.]
 [-1. -1. -1.  1. -1. -1.  0.  0.]
 [ 0.  0.  1.  1.  1.  0.  0.  0.]
 [ 0.  0. -1.  1.  1. -1.  0.  0.]
 [ 0.  0.  0.  0.  1.  0. -1.  0.]
 [ 0.  0.  0.  0.  0.  1.  0.  0.]
 [ 0.  0.  0.  0.  0.  0.  0.  0.]] (1, 3) p1

------ EBIWONOP MOVE -----------
(7, 6)
[[-1. -1.  0.  0.  0.  0.  0.  0.]
 [ 1.  1.  1.  1.  1.  0.  0.  0.]
 [-1. -1. -1.  1. -1. -1.  0.  0.]
 [ 0.  0. -1.  1.  1.  0.  0.  0.]
 [ 0.  0. -1. -1.  1. -1.  0.  0.]
 [ 0.  0.  0.  0. -1.  0. -1.  0.]
 [ 0.  0.  0.  0.  0. -1.  0.  0.]
 [ 0.  0.  0.  0.  0.  0. -1.  0.]] (7, 6) p2

[[-1. -1.  0.  0.  0.  0.  0.  0.]
 [ 1.  1.  1.  1.  1.  0.  0.  0.]
 [-1.  1.  1.  1. -1. -1.  0.  0.]
 [ 0.  1.  1.  1.  1.  0.  0.  0.]
 [ 0.  0. -1. -1.  1. -1.  0.  0.]
 [ 0.  0.  0.  0. -1.  0. -1.  0.]
 [ 0.  0.  0.  0.  0. -1.  0.  0.]
 [ 0.  0.  0.  0.  0.  0. -1.  0.]] (3, 1) p1

------ EBIWONOP MOVE -----------
(0, 2)
[[-1. -1. -1.  0.  0.  0.  0.  0.]
 [ 1. -1. -1. -1.  1.  0.  0.  0.]
 [-1.  1. -1.  1. -1. -1.  0.  0.]
 [ 0.  1. -1.  1.  1.  0.  0.  0.]
 [ 0.  0. -1. -1.  1. -1.  0.  0.]
 [ 0.  0.  0.  0. -1.  0. -1.  0.]
 [ 0.  0.  0.  0.  0. -1.  0.  0.]
 [ 0.  0.  0.  0.  0.  0. -1.  0.]] (0, 2) p2

[[-1. -1. -1.  0.  0.  0.  0.  0.]
 [ 1. -1. -1. -1.  1.  0.  0.  0.]
 [-1.  1. -1.  1. -1. -1.  0.  0.]
 [ 0.  1. -1.  1.  1.  0.  0.  0.]
 [ 0.  0. -1. -1.  1.  1.  0.  0.]
 [ 0.  0.  0.  0. -1.  0.  1.  0.]
 [ 0.  0.  0.  0.  0. -1.  0.  1.]
 [ 0.  0.  0.  0.  0.  0. -1.  0.]] (6, 7) p1

------ EBIWONOP MOVE -----------
(3, 5)
[[-1. -1. -1.  0.  0.  0.  0.  0.]
 [ 1. -1. -1. -1.  1.  0.  0.  0.]
 [-1.  1. -1.  1. -1. -1.  0.  0.]
 [ 0.  1. -1. -1. -1. -1.  0.  0.]
 [ 0.  0. -1. -1.  1.  1.  0.  0.]
 [ 0.  0.  0.  0. -1.  0.  1.  0.]
 [ 0.  0.  0.  0.  0. -1.  0.  1.]
 [ 0.  0.  0.  0.  0.  0. -1.  0.]] (3, 5) p2

[[-1. -1. -1.  0.  0.  0.  0.  0.]
 [ 1. -1. -1. -1.  1.  0.  0.  0.]
 [-1.  1. -1.  1. -1.  1.  0.  0.]
 [ 0.  1.  1.  1.  1.  1.  1.  0.]
 [ 0.  0. -1. -1.  1.  1.  0.  0.]
 [ 0.  0.  0.  0. -1.  0.  1.  0.]
 [ 0.  0.  0.  0.  0. -1.  0.  1.]
 [ 0.  0.  0.  0.  0.  0. -1.  0.]] (3, 6) p1

------ EBIWONOP MOVE -----------
(4, 1)
[[-1. -1. -1.  0.  0.  0.  0.  0.]
 [ 1. -1. -1. -1.  1.  0.  0.  0.]
 [-1. -1. -1.  1. -1.  1.  0.  0.]
 [ 0. -1.  1.  1.  1.  1.  1.  0.]
 [ 0. -1. -1. -1.  1.  1.  0.  0.]
 [ 0.  0.  0.  0. -1.  0.  1.  0.]
 [ 0.  0.  0.  0.  0. -1.  0.  1.]
 [ 0.  0.  0.  0.  0.  0. -1.  0.]] (4, 1) p2

[[-1. -1. -1.  0.  0.  0.  0.  0.]
 [ 1. -1. -1. -1.  1.  0.  0.  0.]
 [-1. -1. -1.  1. -1.  1.  0.  0.]
 [ 0. -1.  1.  1.  1.  1.  1.  0.]
 [ 1.  1.  1.  1.  1.  1.  0.  0.]
 [ 0.  0.  0.  0. -1.  0.  1.  0.]
 [ 0.  0.  0.  0.  0. -1.  0.  1.]
 [ 0.  0.  0.  0.  0.  0. -1.  0.]] (4, 0) p1

------ EBIWONOP MOVE -----------
(3, 7)
[[-1. -1. -1.  0.  0.  0.  0.  0.]
 [ 1. -1. -1. -1.  1.  0.  0.  0.]
 [-1. -1. -1.  1. -1.  1.  0.  0.]
 [ 0. -1. -1. -1. -1. -1. -1. -1.]
 [ 1.  1.  1.  1.  1.  1.  0.  0.]
 [ 0.  0.  0.  0. -1.  0.  1.  0.]
 [ 0.  0.  0.  0.  0. -1.  0.  1.]
 [ 0.  0.  0.  0.  0.  0. -1.  0.]] (3, 7) p2

[[-1. -1. -1.  0.  0.  0.  0.  0.]
 [ 1. -1. -1. -1.  1.  0.  0.  0.]
 [-1. -1. -1.  1. -1.  1.  0.  0.]
 [ 0. -1. -1. -1. -1. -1.  1. -1.]
 [ 1.  1.  1.  1.  1.  1.  0.  1.]
 [ 0.  0.  0.  0. -1.  0.  1.  0.]
 [ 0.  0.  0.  0.  0. -1.  0.  1.]
 [ 0.  0.  0.  0.  0.  0. -1.  0.]] (4, 7) p1

------ EBIWONOP MOVE -----------
(5, 1)
[[-1. -1. -1.  0.  0.  0.  0.  0.]
 [ 1. -1. -1. -1.  1.  0.  0.  0.]
 [-1. -1. -1.  1. -1.  1.  0.  0.]
 [ 0. -1. -1. -1. -1. -1.  1. -1.]
 [ 1. -1. -1.  1.  1.  1.  0.  1.]
 [ 0. -1.  0.  0. -1.  0.  1.  0.]
 [ 0.  0.  0.  0.  0. -1.  0.  1.]
 [ 0.  0.  0.  0.  0.  0. -1.  0.]] (5, 1) p2

[[-1. -1. -1.  1.  0.  0.  0.  0.]
 [ 1. -1. -1.  1.  1.  0.  0.  0.]
 [-1. -1. -1.  1. -1.  1.  0.  0.]
 [ 0. -1. -1. -1. -1. -1.  1. -1.]
 [ 1. -1. -1.  1.  1.  1.  0.  1.]
 [ 0. -1.  0.  0. -1.  0.  1.  0.]
 [ 0.  0.  0.  0.  0. -1.  0.  1.]
 [ 0.  0.  0.  0.  0.  0. -1.  0.]] (0, 3) p1

------ EBIWONOP MOVE -----------
(1, 5)
[[-1. -1. -1.  1.  0.  0.  0.  0.]
 [ 1. -1. -1. -1. -1. -1.  0.  0.]
 [-1. -1. -1.  1. -1. -1.  0.  0.]
 [ 0. -1. -1. -1. -1. -1.  1. -1.]
 [ 1. -1. -1.  1.  1.  1.  0.  1.]
 [ 0. -1.  0.  0. -1.  0.  1.  0.]
 [ 0.  0.  0.  0.  0. -1.  0.  1.]
 [ 0.  0.  0.  0.  0.  0. -1.  0.]] (1, 5) p2

[[-1. -1. -1.  1.  1.  0.  0.  0.]
 [ 1. -1. -1.  1.  1. -1.  0.  0.]
 [-1. -1.  1.  1.  1. -1.  0.  0.]
 [ 0.  1. -1. -1.  1. -1.  1. -1.]
 [ 1. -1. -1.  1.  1.  1.  0.  1.]
 [ 0. -1.  0.  0. -1.  0.  1.  0.]
 [ 0.  0.  0.  0.  0. -1.  0.  1.]
 [ 0.  0.  0.  0.  0.  0. -1.  0.]] (0, 4) p1

------ EBIWONOP MOVE -----------
(0, 5)
[[-1. -1. -1. -1. -1. -1.  0.  0.]
 [ 1. -1. -1.  1. -1. -1.  0.  0.]
 [-1. -1.  1. -1.  1. -1.  0.  0.]
 [ 0.  1. -1. -1.  1. -1.  1. -1.]
 [ 1. -1. -1.  1.  1.  1.  0.  1.]
 [ 0. -1.  0.  0. -1.  0.  1.  0.]
 [ 0.  0.  0.  0.  0. -1.  0.  1.]
 [ 0.  0.  0.  0.  0.  0. -1.  0.]] (0, 5) p2

[[-1. -1. -1. -1. -1. -1.  0.  0.]
 [ 1. -1. -1.  1. -1. -1.  0.  0.]
 [-1. -1.  1. -1.  1. -1.  0.  1.]
 [ 0.  1. -1. -1.  1. -1.  1.  1.]
 [ 1. -1. -1.  1.  1.  1.  0.  1.]
 [ 0. -1.  0.  0. -1.  0.  1.  0.]
 [ 0.  0.  0.  0.  0. -1.  0.  1.]
 [ 0.  0.  0.  0.  0.  0. -1.  0.]] (2, 7) p1

------ EBIWONOP MOVE -----------
(3, 0)
[[-1. -1. -1. -1. -1. -1.  0.  0.]
 [ 1. -1. -1.  1. -1. -1.  0.  0.]
 [-1. -1.  1. -1.  1. -1.  0.  1.]
 [-1. -1. -1. -1.  1. -1.  1.  1.]
 [ 1. -1. -1.  1.  1.  1.  0.  1.]
 [ 0. -1.  0.  0. -1.  0.  1.  0.]
 [ 0.  0.  0.  0.  0. -1.  0.  1.]
 [ 0.  0.  0.  0.  0.  0. -1.  0.]] (3, 0) p2

[[-1. -1. -1. -1. -1. -1.  0.  0.]
 [ 1. -1. -1.  1. -1. -1.  0.  0.]
 [-1. -1.  1. -1.  1. -1.  0.  1.]
 [-1. -1. -1. -1.  1. -1.  1.  1.]
 [ 1. -1. -1.  1.  1.  1.  0.  1.]
 [ 0.  1.  0.  0. -1.  0.  1.  0.]
 [ 0.  0.  1.  0.  0. -1.  0.  1.]
 [ 0.  0.  0.  0.  0.  0. -1.  0.]] (6, 2) p1

------ EBIWONOP MOVE -----------
(4, 6)
[[-1. -1. -1. -1. -1. -1.  0.  0.]
 [ 1. -1. -1.  1. -1. -1.  0.  0.]
 [-1. -1.  1. -1.  1. -1.  0.  1.]
 [-1. -1. -1. -1.  1. -1.  1.  1.]
 [ 1. -1. -1. -1. -1. -1. -1.  1.]
 [ 0.  1.  0.  0. -1.  0.  1.  0.]
 [ 0.  0.  1.  0.  0. -1.  0.  1.]
 [ 0.  0.  0.  0.  0.  0. -1.  0.]] (4, 6) p2

[[-1. -1. -1. -1. -1. -1.  0.  0.]
 [ 1. -1. -1.  1. -1. -1.  0.  0.]
 [-1. -1.  1. -1.  1.  1.  1.  1.]
 [-1. -1. -1. -1.  1. -1.  1.  1.]
 [ 1. -1. -1. -1. -1. -1. -1.  1.]
 [ 0.  1.  0.  0. -1.  0.  1.  0.]
 [ 0.  0.  1.  0.  0. -1.  0.  1.]
 [ 0.  0.  0.  0.  0.  0. -1.  0.]] (2, 6) p1

------ EBIWONOP MOVE -----------
(1, 6)
[[-1. -1. -1. -1. -1. -1.  0.  0.]
 [ 1. -1. -1.  1. -1. -1. -1.  0.]
 [-1. -1.  1. -1.  1. -1. -1.  1.]
 [-1. -1. -1. -1. -1. -1. -1.  1.]
 [ 1. -1. -1. -1. -1. -1. -1.  1.]
 [ 0.  1.  0.  0. -1.  0.  1.  0.]
 [ 0.  0.  1.  0.  0. -1.  0.  1.]
 [ 0.  0.  0.  0.  0.  0. -1.  0.]] (1, 6) p2

[[-1. -1. -1. -1. -1. -1.  1.  0.]
 [ 1. -1. -1.  1. -1.  1.  1.  0.]
 [-1. -1.  1. -1.  1. -1.  1.  1.]
 [-1. -1. -1. -1. -1. -1.  1.  1.]
 [ 1. -1. -1. -1. -1. -1.  1.  1.]
 [ 0.  1.  0.  0. -1.  0.  1.  0.]
 [ 0.  0.  1.  0.  0. -1.  0.  1.]
 [ 0.  0.  0.  0.  0.  0. -1.  0.]] (0, 6) p1

------ EBIWONOP MOVE -----------
(0, 7)
[[-1. -1. -1. -1. -1. -1. -1. -1.]
 [ 1. -1. -1.  1. -1.  1. -1.  0.]
 [-1. -1.  1. -1.  1. -1.  1.  1.]
 [-1. -1. -1. -1. -1. -1.  1.  1.]
 [ 1. -1. -1. -1. -1. -1.  1.  1.]
 [ 0.  1.  0.  0. -1.  0.  1.  0.]
 [ 0.  0.  1.  0.  0. -1.  0.  1.]
 [ 0.  0.  0.  0.  0.  0. -1.  0.]] (0, 7) p2

[[-1. -1. -1. -1. -1. -1. -1. -1.]
 [ 1. -1. -1.  1. -1.  1. -1.  0.]
 [-1. -1.  1. -1.  1. -1.  1.  1.]
 [-1. -1. -1. -1. -1. -1.  1.  1.]
 [ 1. -1. -1. -1. -1. -1.  1.  1.]
 [ 0.  1.  0.  0. -1.  0.  1.  0.]
 [ 0.  0.  1.  0.  0.  1.  0.  1.]
 [ 0.  0.  0.  0.  1.  0. -1.  0.]] (7, 4) p1

------ EBIWONOP MOVE -----------
(5, 0)
[[-1. -1. -1. -1. -1. -1. -1. -1.]
 [ 1. -1. -1.  1. -1.  1. -1.  0.]
 [-1. -1.  1. -1.  1. -1.  1.  1.]
 [-1. -1. -1. -1. -1. -1.  1.  1.]
 [-1. -1. -1. -1. -1. -1.  1.  1.]
 [-1.  1.  0.  0. -1.  0.  1.  0.]
 [ 0.  0.  1.  0.  0.  1.  0.  1.]
 [ 0.  0.  0.  0.  1.  0. -1.  0.]] (5, 0) p2

[[-1. -1. -1. -1. -1. -1. -1. -1.]
 [ 1. -1. -1.  1. -1.  1. -1.  0.]
 [-1. -1.  1. -1.  1. -1.  1.  1.]
 [-1. -1. -1. -1.  1. -1.  1.  1.]
 [-1. -1. -1. -1.  1. -1.  1.  1.]
 [-1.  1.  0.  0.  1.  0.  1.  0.]
 [ 0.  0.  1.  0.  1.  1.  0.  1.]
 [ 0.  0.  0.  0.  1.  0. -1.  0.]] (6, 4) p1

------ EBIWONOP MOVE -----------
(6, 3)
[[-1. -1. -1. -1. -1. -1. -1. -1.]
 [ 1. -1. -1.  1. -1.  1. -1.  0.]
 [-1. -1.  1. -1.  1. -1.  1.  1.]
 [-1. -1. -1. -1.  1. -1.  1.  1.]
 [-1. -1. -1. -1.  1. -1.  1.  1.]
 [-1.  1.  0.  0. -1.  0.  1.  0.]
 [ 0.  0.  1. -1.  1.  1.  0.  1.]
 [ 0.  0.  0.  0.  1.  0. -1.  0.]] (6, 3) p2

[[-1. -1. -1. -1. -1. -1. -1. -1.]
 [ 1. -1. -1.  1. -1.  1. -1.  0.]
 [-1. -1.  1.  1.  1. -1.  1.  1.]
 [-1. -1. -1.  1.  1. -1.  1.  1.]
 [-1. -1. -1.  1.  1. -1.  1.  1.]
 [-1.  1.  0.  1. -1.  0.  1.  0.]
 [ 0.  0.  1. -1.  1.  1.  0.  1.]
 [ 0.  0.  0.  0.  1.  0. -1.  0.]] (5, 3) p1

------ EBIWONOP MOVE -----------
(5, 5)
[[-1. -1. -1. -1. -1. -1. -1. -1.]
 [ 1. -1. -1.  1. -1.  1. -1.  0.]
 [-1. -1. -1.  1.  1. -1.  1.  1.]
 [-1. -1. -1. -1.  1. -1.  1.  1.]
 [-1. -1. -1.  1. -1. -1.  1.  1.]
 [-1.  1.  0.  1. -1. -1.  1.  0.]
 [ 0.  0.  1. -1.  1.  1.  0.  1.]
 [ 0.  0.  0.  0.  1.  0. -1.  0.]] (5, 5) p2

[[-1. -1. -1. -1. -1. -1. -1. -1.]
 [ 1. -1. -1.  1. -1.  1. -1.  0.]
 [-1. -1. -1.  1.  1. -1.  1.  1.]
 [-1. -1. -1. -1.  1. -1.  1.  1.]
 [-1. -1. -1.  1. -1. -1.  1.  1.]
 [-1.  1.  0.  1. -1. -1.  1.  0.]
 [ 0.  0.  1.  1.  1.  1.  0.  1.]
 [ 0.  0.  0.  1.  1.  0. -1.  0.]] (7, 3) p1

------ EBIWONOP MOVE -----------
(6, 1)
[[-1. -1. -1. -1. -1. -1. -1. -1.]
 [ 1. -1. -1.  1. -1.  1. -1.  0.]
 [-1. -1. -1.  1.  1. -1.  1.  1.]
 [-1. -1. -1. -1.  1. -1.  1.  1.]
 [-1. -1. -1.  1. -1. -1.  1.  1.]
 [-1. -1.  0.  1. -1. -1.  1.  0.]
 [ 0. -1.  1.  1.  1.  1.  0.  1.]
 [ 0.  0.  0.  1.  1.  0. -1.  0.]] (6, 1) p2

[[-1. -1. -1. -1. -1. -1. -1. -1.]
 [ 1. -1. -1.  1. -1.  1.  1.  1.]
 [-1. -1. -1.  1.  1. -1.  1.  1.]
 [-1. -1. -1. -1.  1. -1.  1.  1.]
 [-1. -1. -1.  1. -1. -1.  1.  1.]
 [-1. -1.  0.  1. -1. -1.  1.  0.]
 [ 0. -1.  1.  1.  1.  1.  0.  1.]
 [ 0.  0.  0.  1.  1.  0. -1.  0.]] (1, 7) p1

------ EBIWONOP MOVE -----------
(6, 6)
[[-1. -1. -1. -1. -1. -1. -1. -1.]
 [ 1. -1. -1.  1. -1.  1. -1.  1.]
 [-1. -1. -1.  1.  1. -1. -1.  1.]
 [-1. -1. -1. -1.  1. -1. -1.  1.]
 [-1. -1. -1.  1. -1. -1. -1.  1.]
 [-1. -1.  0.  1. -1. -1. -1.  0.]
 [ 0. -1. -1. -1. -1. -1. -1.  1.]
 [ 0.  0.  0.  1.  1.  0. -1.  0.]] (6, 6) p2

[[-1. -1. -1. -1. -1. -1. -1. -1.]
 [ 1. -1. -1.  1. -1.  1. -1.  1.]
 [-1. -1. -1.  1.  1.  1. -1.  1.]
 [-1. -1. -1. -1.  1.  1. -1.  1.]
 [-1. -1. -1.  1. -1.  1. -1.  1.]
 [-1. -1.  0.  1. -1.  1. -1.  0.]
 [ 0. -1. -1. -1.  1.  1. -1.  1.]
 [ 0.  0.  0.  1.  1.  1. -1.  0.]] (7, 5) p1

------ EBIWONOP MOVE -----------
(5, 7)
[[-1. -1. -1. -1. -1. -1. -1. -1.]
 [ 1. -1. -1.  1. -1.  1. -1. -1.]
 [-1. -1. -1.  1.  1.  1. -1. -1.]
 [-1. -1. -1. -1.  1.  1. -1. -1.]
 [-1. -1. -1.  1. -1.  1. -1. -1.]
 [-1. -1.  0.  1. -1.  1. -1. -1.]
 [ 0. -1. -1. -1.  1.  1. -1.  1.]
 [ 0.  0.  0.  1.  1.  1. -1.  0.]] (5, 7) p2

[[-1. -1. -1. -1. -1. -1. -1. -1.]
 [ 1. -1. -1.  1. -1.  1. -1. -1.]
 [-1. -1. -1.  1.  1.  1. -1. -1.]
 [-1. -1. -1. -1.  1.  1. -1. -1.]
 [-1. -1. -1.  1. -1.  1. -1. -1.]
 [-1. -1.  0.  1. -1.  1. -1. -1.]
 [ 0. -1. -1. -1.  1.  1.  1.  1.]
 [ 0.  0.  0.  1.  1.  1.  1.  1.]] (7, 7) p1

------ EBIWONOP MOVE -----------
(5, 2)
[[-1. -1. -1. -1. -1. -1. -1. -1.]
 [ 1. -1. -1.  1. -1.  1. -1. -1.]
 [-1. -1. -1.  1.  1. -1. -1. -1.]
 [-1. -1. -1. -1. -1.  1. -1. -1.]
 [-1. -1. -1. -1. -1.  1. -1. -1.]
 [-1. -1. -1. -1. -1.  1. -1. -1.]
 [ 0. -1. -1. -1.  1.  1.  1.  1.]
 [ 0.  0.  0.  1.  1.  1.  1.  1.]] (5, 2) p2

[[-1. -1. -1. -1. -1. -1. -1. -1.]
 [ 1. -1. -1.  1. -1.  1. -1. -1.]
 [-1. -1. -1.  1.  1. -1. -1. -1.]
 [-1. -1. -1. -1. -1.  1. -1. -1.]
 [-1. -1. -1. -1. -1.  1. -1. -1.]
 [-1. -1. -1. -1.  1.  1. -1. -1.]
 [ 0. -1. -1.  1.  1.  1.  1.  1.]
 [ 0.  0.  1.  1.  1.  1.  1.  1.]] (7, 2) p1

[[-1. -1. -1. -1. -1. -1. -1. -1.]
 [ 1. -1. -1.  1. -1.  1. -1. -1.]
 [-1. -1. -1.  1.  1. -1. -1. -1.]
 [-1. -1. -1. -1. -1.  1. -1. -1.]
 [-1. -1. -1. -1. -1.  1. -1. -1.]
 [-1. -1. -1. -1.  1.  1. -1. -1.]
 [ 0. -1. -1.  1.  1.  1.  1.  1.]
 [ 0.  0.  1.  1.  1.  1.  1.  1.]] None p2

[[-1. -1. -1. -1. -1. -1. -1. -1.]
 [ 1. -1. -1.  1. -1.  1. -1. -1.]
 [-1. -1. -1.  1.  1. -1. -1. -1.]
 [-1. -1. -1. -1. -1.  1. -1. -1.]
 [-1. -1. -1. -1.  1.  1. -1. -1.]
 [-1. -1. -1.  1.  1.  1. -1. -1.]
 [ 0. -1.  1.  1.  1.  1.  1.  1.]
 [ 0.  1.  1.  1.  1.  1.  1.  1.]] (7, 1) p1

[[-1. -1. -1. -1. -1. -1. -1. -1.]
 [ 1. -1. -1.  1. -1.  1. -1. -1.]
 [-1. -1. -1.  1.  1. -1. -1. -1.]
 [-1. -1. -1. -1. -1.  1. -1. -1.]
 [-1. -1. -1. -1.  1.  1. -1. -1.]
 [-1. -1. -1.  1.  1.  1. -1. -1.]
 [ 0. -1.  1.  1.  1.  1.  1.  1.]
 [ 0.  1.  1.  1.  1.  1.  1.  1.]] None p2

[[-1. -1. -1. -1. -1. -1. -1. -1.]
 [ 1. -1. -1.  1. -1.  1. -1. -1.]
 [ 1. -1. -1.  1.  1. -1. -1. -1.]
 [ 1. -1. -1.  1. -1.  1. -1. -1.]
 [ 1. -1.  1. -1.  1.  1. -1. -1.]
 [ 1.  1. -1.  1.  1.  1. -1. -1.]
 [ 1.  1.  1.  1.  1.  1.  1.  1.]
 [ 0.  1.  1.  1.  1.  1.  1.  1.]] (6, 0) p1

------ EBIWONOP MOVE -----------
(7, 0)
[[-1. -1. -1. -1. -1. -1. -1. -1.]
 [-1. -1. -1.  1. -1.  1. -1. -1.]
 [-1. -1. -1.  1.  1. -1. -1. -1.]
 [-1. -1. -1.  1. -1.  1. -1. -1.]
 [-1. -1.  1. -1.  1.  1. -1. -1.]
 [-1.  1. -1.  1.  1.  1. -1. -1.]
 [-1. -1.  1.  1.  1.  1.  1.  1.]
 [-1.  1.  1.  1.  1.  1.  1.  1.]] (7, 0) p2

Winner arena.ebiwonop-alphabeta, due to Majority
[[-1 -1 -1 -1 -1 -1 -1 -1]
 [-1 -1 -1  1 -1  1 -1 -1]
 [-1 -1 -1  1  1 -1 -1 -1]
 [-1 -1 -1  1 -1  1 -1 -1]
 [-1 -1  1 -1  1  1 -1 -1]
 [-1  1 -1  1  1  1 -1 -1]
 [-1 -1  1  1  1  1  1  1]
 [-1  1  1  1  1  1  1  1]]